RelativeTime(sec)	ID1-Accerlation-X(G)	ID1-Accerlation-Y(G)	ID1-Accerlation-Z(G)	ID2-Accerlation-X(G)	ID2-Accerlation-Y(G)	ID2-Accerlation-Z(G)	ID3-Accerlation-X(G)	ID3-Accerlation-Y(G)	ID3-Accerlation-Z(G)	Pressure-1(bar)	Pressure-2(bar)	Pressure-3(bar)	Pressure-4(bar)	Pressure-5(bar)	Pressure-6(bar)	Pressure-7(bar)	Pressure-8(bar)	
0.000	0.000	0.000	0.000	0.981	-0.053	0.181	0.000	0.000	0.000	
0.004	0.000	0.000	0.000	0.000	0.000	0.000	0.000	0.000	0.000	
0.008	0.000	0.000	0.000	0.981	-0.057	0.186	0.000	0.000	0.000	
0.014	0.000	0.000	0.000	0.981	-0.059	0.192	0.000	0.000	0.000	
0.018	0.000	0.000	0.000	0.981	-0.054	0.186	0.000	0.000	0.000	
0.023	0.000	0.000	0.000	0.980	-0.054	0.187	0.000	0.000	0.000	
0.029	0.000	0.000	0.000	0.979	-0.054	0.181	0.000	0.000	0.000	
0.033	0.000	0.000	0.000	0.985	-0.061	0.191	0.000	0.000	0.000	
0.039	0.000	0.000	0.000	0.980	-0.056	0.190	0.000	0.000	0.000	
0.043	0.000	0.000	0.000	0.981	-0.056	0.191	0.000	0.000	0.000	
0.049	0.000	0.000	0.000	0.980	-0.054	0.187	0.000	0.000	0.000	
0.053	0.000	0.000	0.000	0.980	-0.057	0.184	0.000	0.000	0.000	
0.059	0.000	0.000	0.000	0.982	-0.057	0.190	0.000	0.000	0.000	
0.063	0.000	0.000	0.000	0.979	-0.056	0.187	0.000	0.000	0.000	
0.068	0.000	0.000	0.000	0.980	-0.052	0.186	0.000	0.000	0.000	
0.074	0.000	0.000	0.000	0.980	-0.054	0.187	0.000	0.000	0.000	
0.078	0.000	0.000	0.000	0.981	-0.055	0.187	0.000	0.000	0.000	
0.084	0.000	0.000	0.000	0.981	-0.055	0.187	0.000	0.000	0.000	
0.088	0.000	0.000	0.000	0.981	-0.054	0.188	0.000	0.000	0.000	
0.094	0.000	0.000	0.000	0.982	-0.056	0.185	0.000	0.000	0.000	
0.098	0.000	0.000	0.000	0.978	-0.052	0.184	0.000	0.000	0.000	
0.104	0.000	0.000	0.000	0.982	-0.055	0.185	0.000	0.000	0.000	
0.108	0.000	0.000	0.000	0.981	-0.053	0.190	0.000	0.000	0.000	
0.114	0.000	0.000	0.000	0.980	-0.055	0.187	0.000	0.000	0.000	
0.118	0.000	0.000	0.000	0.980	-0.055	0.182	0.000	0.000	0.000	
0.124	0.000	0.000	0.000	0.981	-0.056	0.189	0.000	0.000	0.000	
0.128	0.000	0.000	0.000	0.978	-0.054	0.189	0.000	0.000	0.000	
0.134	0.000	0.000	0.000	0.981	-0.054	0.189	0.000	0.000	0.000	
0.138	0.000	0.000	0.000	0.979	-0.052	0.192	0.000	0.000	0.000	
0.143	0.000	0.000	0.000	0.979	-0.058	0.191	0.000	0.000	0.000	
0.149	0.000	0.000	0.000	0.979	-0.056	0.192	0.000	0.000	0.000	
0.154	0.000	0.000	0.000	0.978	-0.055	0.188	0.000	0.000	0.000	
0.159	0.000	0.000	0.000	0.976	-0.054	0.183	0.000	0.000	0.000	
0.163	0.000	0.000	0.000	0.976	-0.060	0.187	0.000	0.000	0.000	
0.169	0.000	0.000	0.000	0.978	-0.057	0.187	0.000	0.000	0.000	
0.173	0.000	0.000	0.000	0.979	-0.054	0.188	0.000	0.000	0.000	
0.178	0.000	0.000	0.000	0.980	-0.052	0.187	0.000	0.000	0.000	
0.184	0.000	0.000	0.000	0.983	-0.056	0.190	0.000	0.000	0.000	
0.188	0.000	0.000	0.000	0.982	-0.056	0.185	0.000	0.000	0.000	
0.193	0.000	0.000	0.000	0.984	-0.057	0.186	0.000	0.000	0.000	
0.199	0.000	0.000	0.000	0.982	-0.053	0.186	0.000	0.000	0.000	
0.204	0.000	0.000	0.000	0.980	-0.056	0.187	0.000	0.000	0.000	
0.208	0.000	0.000	0.000	0.980	-0.053	0.186	0.000	0.000	0.000	
0.213	0.000	0.000	0.000	0.981	-0.054	0.183	0.000	0.000	0.000	
0.218	0.000	0.000	0.000	0.977	-0.052	0.185	0.000	0.000	0.000	
0.224	0.000	0.000	0.000	0.979	-0.054	0.190	0.000	0.000	0.000	
0.228	0.000	0.000	0.000	0.984	-0.057	0.187	0.000	0.000	0.000	
0.233	0.000	0.000	0.000	0.981	-0.057	0.186	0.000	0.000	0.000	
0.239	0.000	0.000	0.000	0.982	-0.054	0.185	0.000	0.000	0.000	
0.243	0.000	0.000	0.000	0.979	-0.058	0.186	0.000	0.000	0.000	
0.249	0.000	0.000	0.000	0.980	-0.054	0.185	0.000	0.000	0.000	
0.254	0.000	0.000	0.000	0.980	-0.060	0.189	0.000	0.000	0.000	
0.259	0.000	0.000	0.000	0.977	-0.053	0.190	0.000	0.000	0.000	
0.263	0.000	0.000	0.000	0.978	-0.057	0.194	0.000	0.000	0.000	
0.269	0.000	0.000	0.000	0.982	-0.053	0.187	0.000	0.000	0.000	
0.273	0.000	0.000	0.000	0.981	-0.058	0.184	0.000	0.000	0.000	
0.279	0.000	0.000	0.000	0.982	-0.054	0.194	0.000	0.000	0.000	
0.283	0.000	0.000	0.000	0.981	-0.057	0.187	0.000	0.000	0.000	
0.288	0.000	0.000	0.000	0.980	-0.055	0.185	0.000	0.000	0.000	
0.293	0.000	0.000	0.000	0.981	-0.054	0.185	0.000	0.000	0.000	
0.298	0.000	0.000	0.000	0.980	-0.054	0.182	0.000	0.000	0.000	
0.304	0.000	0.000	0.000	0.980	-0.057	0.184	0.000	0.000	0.000	
0.308	0.000	0.000	0.000	0.981	-0.055	0.188	0.000	0.000	0.000	
0.314	0.000	0.000	0.000	0.980	-0.053	0.182	0.000	0.000	0.000	
0.318	0.000	0.000	0.000	0.977	-0.054	0.190	0.000	0.000	0.000	
0.324	0.000	0.000	0.000	0.983	-0.055	0.191	0.000	0.000	0.000	
0.328	0.000	0.000	0.000	0.981	-0.055	0.189	0.000	0.000	0.000	
0.333	0.000	0.000	0.000	0.980	-0.056	0.189	0.000	0.000	0.000	
0.339	0.000	0.000	0.000	0.978	-0.056	0.188	0.000	0.000	0.000	
0.344	0.000	0.000	0.000	0.979	-0.055	0.185	0.000	0.000	0.000	
0.348	0.000	0.000	0.000	0.980	-0.054	0.185	0.000	0.000	0.000	
0.354	0.000	0.000	0.000	0.979	-0.055	0.187	0.000	0.000	0.000	
0.359	0.000	0.000	0.000	0.978	-0.052	0.181	0.000	0.000	0.000	
0.363	0.000	0.000	0.000	0.979	-0.060	0.188	0.000	0.000	0.000	
0.369	0.000	0.000	0.000	0.977	-0.056	0.188	0.000	0.000	0.000	
0.374	0.000	0.000	0.000	0.977	-0.057	0.188	0.000	0.000	0.000	
0.379	0.000	0.000	0.000	0.980	-0.053	0.190	0.000	0.000	0.000	
0.383	0.000	0.000	0.000	0.979	-0.054	0.188	0.000	0.000	0.000	
0.389	0.000	0.000	0.000	0.980	-0.057	0.186	0.000	0.000	0.000	
0.393	0.000	0.000	0.000	0.981	-0.058	0.187	0.000	0.000	0.000	
0.398	0.000	0.000	0.000	0.975	-0.053	0.188	0.000	0.000	0.000	
0.403	0.000	0.000	0.000	0.980	-0.059	0.192	0.000	0.000	0.000	
0.408	0.000	0.000	0.000	0.976	-0.054	0.183	0.000	0.000	0.000	
0.413	0.000	0.000	0.000	0.979	-0.051	0.184	0.000	0.000	0.000	
0.418	0.000	0.000	0.000	0.981	-0.053	0.191	0.000	0.000	0.000	
0.423	0.000	0.000	0.000	0.977	-0.053	0.191	0.000	0.000	0.000	
0.429	0.000	0.000	0.000	0.981	-0.063	0.186	0.000	0.000	0.000	
0.434	0.000	0.000	0.000	0.981	-0.059	0.184	0.000	0.000	0.000	
0.438	0.000	0.000	0.000	0.982	-0.058	0.185	0.000	0.000	0.000	
0.443	0.000	0.000	0.000	0.981	-0.056	0.184	0.000	0.000	0.000	
0.449	0.000	0.000	0.000	0.981	-0.054	0.186	0.000	0.000	0.000	
0.453	0.000	0.000	0.000	0.983	-0.056	0.188	0.000	0.000	0.000	
0.459	0.000	0.000	0.000	0.982	-0.055	0.190	0.000	0.000	0.000	
0.463	0.000	0.000	0.000	0.981	-0.055	0.188	0.000	0.000	0.000	
0.469	0.000	0.000	0.000	0.978	-0.057	0.186	0.000	0.000	0.000	
0.473	0.000	0.000	0.000	0.978	-0.056	0.185	0.000	0.000	0.000	
0.479	0.000	0.000	0.000	0.978	-0.056	0.187	0.000	0.000	0.000	
0.483	0.000	0.000	0.000	0.980	-0.055	0.185	0.000	0.000	0.000	
0.489	0.000	0.000	0.000	0.981	-0.056	0.186	0.000	0.000	0.000	
0.493	0.000	0.000	0.000	0.977	-0.057	0.190	0.000	0.000	0.000	
0.499	0.000	0.000	0.000	0.979	-0.054	0.185	0.000	0.000	0.000	
0.503	0.000	0.000	0.000	0.983	-0.056	0.189	0.000	0.000	0.000	
0.509	0.000	0.000	0.000	0.983	-0.057	0.188	0.000	0.000	0.000	
0.513	0.000	0.000	0.000	0.979	-0.053	0.186	0.000	0.000	0.000	
0.519	0.000	0.000	0.000	0.982	-0.058	0.191	0.000	0.000	0.000	
0.523	0.000	0.000	0.000	0.980	-0.050	0.194	0.000	0.000	0.000	
0.529	0.000	0.000	0.000	0.978	-0.056	0.191	0.000	0.000	0.000	
0.533	0.000	0.000	0.000	0.981	-0.054	0.184	0.000	0.000	0.000	
0.538	0.000	0.000	0.000	0.980	-0.055	0.183	0.000	0.000	0.000	
0.543	0.000	0.000	0.000	0.981	-0.055	0.190	0.000	0.000	0.000	
0.549	0.000	0.000	0.000	0.974	-0.058	0.192	0.000	0.000	0.000	
0.553	0.000	0.000	0.000	0.978	-0.059	0.188	0.000	0.000	0.000	
0.558	0.000	0.000	0.000	0.980	-0.056	0.187	0.000	0.000	0.000	
0.563	0.000	0.000	0.000	0.983	-0.055	0.190	0.000	0.000	0.000	
0.569	0.000	0.000	0.000	0.981	-0.054	0.183	0.000	0.000	0.000	
0.573	0.000	0.000	0.000	0.980	-0.057	0.188	0.000	0.000	0.000	
0.579	0.000	0.000	0.000	0.978	-0.058	0.189	0.000	0.000	0.000	
0.583	0.000	0.000	0.000	0.979	-0.056	0.186	0.000	0.000	0.000	
0.589	0.000	0.000	0.000	0.979	-0.054	0.185	0.000	0.000	0.000	
0.593	0.000	0.000	0.000	0.979	-0.058	0.188	0.000	0.000	0.000	
0.599	0.000	0.000	0.000	0.980	-0.055	0.185	0.000	0.000	0.000	
0.603	0.000	0.000	0.000	0.982	-0.057	0.191	0.000	0.000	0.000	
0.609	0.000	0.000	0.000	0.979	-0.054	0.190	0.000	0.000	0.000	
0.613	0.000	0.000	0.000	0.980	-0.056	0.189	0.000	0.000	0.000	
0.619	0.000	0.000	0.000	0.979	-0.056	0.191	0.000	0.000	0.000	
0.623	0.000	0.000	0.000	0.979	-0.054	0.194	0.000	0.000	0.000	
0.629	0.000	0.000	0.000	0.982	-0.057	0.195	0.000	0.000	0.000	
0.633	0.000	0.000	0.000	0.979	-0.055	0.190	0.000	0.000	0.000	
0.639	0.000	0.000	0.000	0.979	-0.059	0.186	0.000	0.000	0.000	
0.643	0.000	0.000	0.000	0.979	-0.057	0.190	0.000	0.000	0.000	
0.648	0.000	0.000	0.000	0.979	-0.055	0.185	0.000	0.000	0.000	
0.654	0.000	0.000	0.000	0.979	-0.054	0.190	0.000	0.000	0.000	
0.659	0.000	0.000	0.000	0.981	-0.056	0.187	0.000	0.000	0.000	
0.663	0.000	0.000	0.000	0.979	-0.057	0.188	0.000	0.000	0.000	
0.668	0.000	0.000	0.000	0.983	-0.057	0.189	0.000	0.000	0.000	
0.673	0.000	0.000	0.000	0.983	-0.056	0.192	0.000	0.000	0.000	
0.679	0.000	0.000	0.000	0.981	-0.056	0.188	0.000	0.000	0.000	
0.683	0.000	0.000	0.000	0.980	-0.058	0.186	0.000	0.000	0.000	
0.689	0.000	0.000	0.000	0.979	-0.056	0.185	0.000	0.000	0.000	
0.693	0.000	0.000	0.000	0.975	-0.057	0.188	0.000	0.000	0.000	
0.699	0.000	0.000	0.000	0.980	-0.055	0.188	0.000	0.000	0.000	
0.704	0.000	0.000	0.000	0.979	-0.057	0.188	0.000	0.000	0.000	
0.708	0.000	0.000	0.000	0.982	-0.056	0.187	0.000	0.000	0.000	
0.714	0.000	0.000	0.000	0.984	-0.055	0.185	0.000	0.000	0.000	
0.718	0.000	0.000	0.000	0.979	-0.056	0.182	0.000	0.000	0.000	
0.723	0.000	0.000	0.000	0.979	-0.057	0.192	0.000	0.000	0.000	
0.729	0.000	0.000	0.000	0.975	-0.057	0.186	0.000	0.000	0.000	
0.733	0.000	0.000	0.000	0.980	-0.057	0.183	0.000	0.000	0.000	
0.739	0.000	0.000	0.000	0.981	-0.057	0.190	0.000	0.000	0.000	
0.743	0.000	0.000	0.000	0.981	-0.052	0.193	0.000	0.000	0.000	
0.749	0.000	0.000	0.000	0.979	-0.057	0.191	0.000	0.000	0.000	
0.753	0.000	0.000	0.000	0.983	-0.057	0.186	0.000	0.000	0.000	
0.759	0.000	0.000	0.000	0.977	-0.057	0.185	0.000	0.000	0.000	
0.763	0.000	0.000	0.000	0.982	-0.053	0.190	0.000	0.000	0.000	
0.769	0.000	0.000	0.000	0.977	-0.058	0.183	0.000	0.000	0.000	
0.773	0.000	0.000	0.000	0.978	-0.059	0.185	0.000	0.000	0.000	
0.779	0.000	0.000	0.000	0.979	-0.056	0.191	0.000	0.000	0.000	
0.784	0.000	0.000	0.000	0.977	-0.055	0.187	0.000	0.000	0.000	
0.788	0.000	0.000	0.000	0.982	-0.057	0.188	0.000	0.000	0.000	
0.794	0.000	0.000	0.000	0.979	-0.056	0.186	0.000	0.000	0.000	
0.798	0.000	0.000	0.000	0.983	-0.054	0.184	0.000	0.000	0.000	
0.804	0.000	0.000	0.000	0.981	-0.055	0.183	0.000	0.000	0.000	
0.809	0.000	0.000	0.000	0.980	-0.054	0.191	0.000	0.000	0.000	
0.813	0.000	0.000	0.000	0.977	-0.059	0.191	0.000	0.000	0.000	
0.819	0.000	0.000	0.000	0.980	-0.053	0.185	0.000	0.000	0.000	
0.823	0.000	0.000	0.000	0.983	-0.057	0.182	0.000	0.000	0.000	
0.829	0.000	0.000	0.000	0.980	-0.053	0.183	0.000	0.000	0.000	
0.833	0.000	0.000	0.000	0.979	-0.055	0.185	0.000	0.000	0.000	
0.839	0.000	0.000	0.000	0.982	-0.057	0.183	0.000	0.000	0.000	
0.843	0.000	0.000	0.000	0.980	-0.052	0.193	0.000	0.000	0.000	
0.849	0.000	0.000	0.000	0.982	-0.058	0.185	0.000	0.000	0.000	
0.853	0.000	0.000	0.000	0.981	-0.058	0.185	0.000	0.000	0.000	
0.859	0.000	0.000	0.000	0.977	-0.054	0.186	0.000	0.000	0.000	
0.863	0.000	0.000	0.000	0.977	-0.056	0.188	0.000	0.000	0.000	
0.869	0.000	0.000	0.000	0.977	-0.055	0.193	0.000	0.000	0.000	
0.873	0.000	0.000	0.000	0.981	-0.053	0.193	0.000	0.000	0.000	
0.878	0.000	0.000	0.000	0.978	-0.055	0.183	0.000	0.000	0.000	
0.884	0.000	0.000	0.000	0.980	-0.055	0.192	0.000	0.000	0.000	
0.888	0.000	0.000	0.000	0.981	-0.055	0.185	0.000	0.000	0.000	
0.894	0.000	0.000	0.000	0.979	-0.055	0.189	0.000	0.000	0.000	
0.898	0.000	0.000	0.000	0.981	-0.057	0.189	0.000	0.000	0.000	
0.904	0.000	0.000	0.000	0.980	-0.059	0.189	0.000	0.000	0.000	
0.908	0.000	0.000	0.000	0.980	-0.053	0.191	0.000	0.000	0.000	
0.914	0.000	0.000	0.000	0.983	-0.053	0.185	0.000	0.000	0.000	
0.918	0.000	0.000	0.000	0.976	-0.053	0.190	0.000	0.000	0.000	
0.924	0.000	0.000	0.000	0.981	-0.057	0.190	0.000	0.000	0.000	
0.929	0.000	0.000	0.000	0.979	-0.052	0.185	0.000	0.000	0.000	
0.933	0.000	0.000	0.000	0.981	-0.055	0.185	0.000	0.000	0.000	
0.939	0.000	0.000	0.000	0.981	-0.055	0.188	0.000	0.000	0.000	
0.943	0.000	0.000	0.000	0.981	-0.055	0.190	0.000	0.000	0.000	
0.949	0.000	0.000	0.000	0.980	-0.053	0.191	0.000	0.000	0.000	
0.954	0.000	0.000	0.000	0.981	-0.056	0.188	0.000	0.000	0.000	
0.958	0.000	0.000	0.000	0.981	-0.058	0.185	0.000	0.000	0.000	
0.964	0.000	0.000	0.000	0.976	-0.054	0.181	0.000	0.000	0.000	
0.968	0.000	0.000	0.000	0.980	-0.054	0.183	0.000	0.000	0.000	
0.974	0.000	0.000	0.000	0.982	-0.058	0.184	0.000	0.000	0.000	
0.978	0.000	0.000	0.000	0.979	-0.056	0.181	0.000	0.000	0.000	
0.984	0.000	0.000	0.000	0.980	-0.054	0.182	0.000	0.000	0.000	
0.988	0.000	0.000	0.000	0.982	-0.054	0.183	0.000	0.000	0.000	
0.993	0.000	0.000	0.000	0.981	-0.057	0.197	0.000	0.000	0.000	
0.999	0.000	0.000	0.000	0.981	-0.057	0.190	0.000	0.000	0.000	
1.003	0.000	0.000	0.000	0.976	-0.058	0.187	0.000	0.000	0.000	
1.009	0.000	0.000	0.000	0.979	-0.056	0.190	0.000	0.000	0.000	
1.013	0.000	0.000	0.000	0.979	-0.057	0.185	0.000	0.000	0.000	
1.018	0.000	0.000	0.000	0.978	-0.055	0.184	0.000	0.000	0.000	
1.024	0.000	0.000	0.000	0.980	-0.053	0.189	0.000	0.000	0.000	
1.029	0.000	0.000	0.000	0.980	-0.056	0.188	0.000	0.000	0.000	
1.033	0.000	0.000	0.000	0.980	-0.054	0.191	0.000	0.000	0.000	
1.038	0.000	0.000	0.000	0.981	-0.057	0.190	0.000	0.000	0.000	
1.044	0.000	0.000	0.000	0.980	-0.057	0.187	0.000	0.000	0.000	
1.049	0.000	0.000	0.000	0.980	-0.053	0.188	0.000	0.000	0.000	
1.053	0.000	0.000	0.000	0.979	-0.054	0.187	0.000	0.000	0.000	
1.059	0.000	0.000	0.000	0.980	-0.055	0.185	0.000	0.000	0.000	
1.064	0.000	0.000	0.000	0.981	-0.053	0.180	0.000	0.000	0.000	
1.068	0.000	0.000	0.000	0.981	-0.055	0.184	0.000	0.000	0.000	
1.074	0.000	0.000	0.000	0.979	-0.056	0.190	0.000	0.000	0.000	
1.079	0.000	0.000	0.000	0.979	-0.055	0.183	0.000	0.000	0.000	
1.083	0.000	0.000	0.000	0.980	-0.054	0.189	0.000	0.000	0.000	
1.088	0.000	0.000	0.000	0.980	-0.056	0.188	0.000	0.000	0.000	
1.094	0.000	0.000	0.000	0.980	-0.056	0.188	0.000	0.000	0.000	
1.099	0.000	0.000	0.000	0.982	-0.056	0.185	0.000	0.000	0.000	
1.103	0.000	0.000	0.000	0.975	-0.055	0.181	0.000	0.000	0.000	
1.109	0.000	0.000	0.000	0.981	-0.055	0.188	0.000	0.000	0.000	
1.114	0.000	0.000	0.000	0.980	-0.054	0.192	0.000	0.000	0.000	
1.118	0.000	0.000	0.000	0.977	-0.054	0.188	0.000	0.000	0.000	
1.124	0.000	0.000	0.000	0.979	-0.056	0.191	0.000	0.000	0.000	
1.128	0.000	0.000	0.000	0.981	-0.057	0.184	0.000	0.000	0.000	
1.133	0.000	0.000	0.000	0.980	-0.059	0.188	0.000	0.000	0.000	
1.139	0.000	0.000	0.000	0.984	-0.057	0.190	0.000	0.000	0.000	
1.143	0.000	0.000	0.000	0.985	-0.058	0.188	0.000	0.000	0.000	
1.149	0.000	0.000	0.000	0.979	-0.055	0.193	0.000	0.000	0.000	
1.153	0.000	0.000	0.000	0.980	-0.055	0.186	0.000	0.000	0.000	
1.159	0.000	0.000	0.000	0.979	-0.056	0.182	0.000	0.000	0.000	
1.163	0.000	0.000	0.000	0.978	-0.058	0.187	0.000	0.000	0.000	
1.169	0.000	0.000	0.000	0.978	-0.055	0.186	0.000	0.000	0.000	
1.173	0.000	0.000	0.000	0.979	-0.054	0.182	0.000	0.000	0.000	
1.178	0.000	0.000	0.000	0.978	-0.058	0.180	0.000	0.000	0.000	
1.184	0.000	0.000	0.000	0.977	-0.054	0.183	0.000	0.000	0.000	
1.189	0.000	0.000	0.000	0.983	-0.053	0.185	0.000	0.000	0.000	
1.194	0.000	0.000	0.000	0.980	-0.058	0.188	0.000	0.000	0.000	
1.198	0.000	0.000	0.000	0.977	-0.054	0.190	0.000	0.000	0.000	
1.204	0.000	0.000	0.000	0.979	-0.054	0.183	0.000	0.000	0.000	
1.208	0.000	0.000	0.000	0.979	-0.056	0.189	0.000	0.000	0.000	
1.214	0.000	0.000	0.000	0.982	-0.058	0.187	0.000	0.000	0.000	
1.218	0.000	0.000	0.000	0.978	-0.057	0.186	0.000	0.000	0.000	
1.224	0.000	0.000	0.000	0.983	-0.057	0.185	0.000	0.000	0.000	
1.228	0.000	0.000	0.000	0.980	-0.053	0.187	0.000	0.000	0.000	
1.233	0.000	0.000	0.000	0.980	-0.053	0.189	0.000	0.000	0.000	
1.238	0.000	0.000	0.000	0.983	-0.051	0.186	0.000	0.000	0.000	
1.243	0.000	0.000	0.000	0.979	-0.060	0.191	0.000	0.000	0.000	
1.248	0.000	0.000	0.000	0.979	-0.055	0.183	0.000	0.000	0.000	
1.253	0.000	0.000	0.000	0.980	-0.058	0.188	0.000	0.000	0.000	
1.258	0.000	0.000	0.000	0.980	-0.056	0.181	0.000	0.000	0.000	
1.264	0.000	0.000	0.000	0.980	-0.054	0.189	0.000	0.000	0.000	
1.268	0.000	0.000	0.000	0.980	-0.055	0.191	0.000	0.000	0.000	
1.274	0.000	0.000	0.000	0.977	-0.057	0.186	0.000	0.000	0.000	
1.278	0.000	0.000	0.000	0.982	-0.055	0.189	0.000	0.000	0.000	
1.284	0.000	0.000	0.000	0.979	-0.055	0.187	0.000	0.000	0.000	
1.289	0.000	0.000	0.000	0.979	-0.057	0.189	0.000	0.000	0.000	
1.294	0.000	0.000	0.000	0.976	-0.055	0.185	0.000	0.000	0.000	
1.298	0.000	0.000	0.000	0.978	-0.054	0.190	0.000	0.000	0.000	
1.303	0.000	0.000	0.000	0.978	-0.057	0.189	0.000	0.000	0.000	
1.309	0.000	0.000	0.000	0.983	-0.060	0.186	0.000	0.000	0.000	
1.313	0.000	0.000	0.000	0.977	-0.060	0.187	0.000	0.000	0.000	
1.319	0.000	0.000	0.000	0.980	-0.058	0.194	0.000	0.000	0.000	
1.324	0.000	0.000	0.000	0.977	-0.054	0.186	0.000	0.000	0.000	
1.328	0.000	0.000	0.000	0.980	-0.054	0.185	0.000	0.000	0.000	
1.333	0.000	0.000	0.000	0.980	-0.054	0.185	0.000	0.000	0.000	
1.339	0.000	0.000	0.000	0.980	-0.055	0.187	0.000	0.000	0.000	
1.344	0.000	0.000	0.000	0.980	-0.059	0.186	0.000	0.000	0.000	
1.349	0.000	0.000	0.000	0.980	-0.053	0.185	0.000	0.000	0.000	
1.354	0.000	0.000	0.000	0.978	-0.055	0.188	0.000	0.000	0.000	
1.358	0.000	0.000	0.000	0.979	-0.054	0.189	0.000	0.000	0.000	
1.364	0.000	0.000	0.000	0.978	-0.058	0.189	0.000	0.000	0.000	
1.368	0.000	0.000	0.000	0.982	-0.053	0.190	0.000	0.000	0.000	
1.374	0.000	0.000	0.000	0.981	-0.054	0.186	0.000	0.000	0.000	
1.378	0.000	0.000	0.000	0.980	-0.054	0.181	0.000	0.000	0.000	
1.383	0.000	0.000	0.000	0.979	-0.054	0.190	0.000	0.000	0.000	
1.389	0.000	0.000	0.000	0.979	-0.055	0.194	0.000	0.000	0.000	
1.393	0.000	0.000	0.000	0.980	-0.054	0.178	0.000	0.000	0.000	
1.399	0.000	0.000	0.000	0.981	-0.056	0.184	0.000	0.000	0.000	
1.403	0.000	0.000	0.000	0.984	-0.059	0.187	0.000	0.000	0.000	
1.409	0.000	0.000	0.000	0.981	-0.056	0.187	0.000	0.000	0.000	
1.414	0.000	0.000	0.000	0.978	-0.054	0.189	0.000	0.000	0.000	
1.418	0.000	0.000	0.000	0.979	-0.054	0.191	0.000	0.000	0.000	
1.423	0.000	0.000	0.000	0.978	-0.056	0.183	0.000	0.000	0.000	
1.429	0.000	0.000	0.000	0.977	-0.057	0.181	0.000	0.000	0.000	
1.433	0.000	0.000	0.000	0.982	-0.053	0.185	0.000	0.000	0.000	
1.438	0.000	0.000	0.000	0.980	-0.057	0.187	0.000	0.000	0.000	
1.443	0.000	0.000	0.000	0.984	-0.054	0.188	0.000	0.000	0.000	
1.449	0.000	0.000	0.000	0.979	-0.052	0.184	0.000	0.000	0.000	
1.453	0.000	0.000	0.000	0.981	-0.057	0.182	0.000	0.000	0.000	
1.458	0.000	0.000	0.000	0.981	-0.058	0.181	0.000	0.000	0.000	
1.463	0.000	0.000	0.000	0.977	-0.055	0.188	0.000	0.000	0.000	
1.468	0.000	0.000	0.000	0.981	-0.055	0.193	0.000	0.000	0.000	
1.473	0.000	0.000	0.000	0.980	-0.055	0.189	0.000	0.000	0.000	
1.479	0.000	0.000	0.000	0.982	-0.053	0.189	0.000	0.000	0.000	
1.483	0.000	0.000	0.000	0.978	-0.055	0.192	0.000	0.000	0.000	
1.489	0.000	0.000	0.000	0.979	-0.058	0.186	0.000	0.000	0.000	
1.493	0.000	0.000	0.000	0.984	-0.058	0.187	0.000	0.000	0.000	
1.499	0.000	0.000	0.000	0.982	-0.055	0.185	0.000	0.000	0.000	
1.503	0.000	0.000	0.000	0.981	-0.056	0.190	0.000	0.000	0.000	
1.509	0.000	0.000	0.000	0.978	-0.054	0.187	0.000	0.000	0.000	
1.513	0.000	0.000	0.000	0.981	-0.059	0.187	0.000	0.000	0.000	
1.519	0.000	0.000	0.000	0.978	-0.055	0.187	0.000	0.000	0.000	
1.523	0.000	0.000	0.000	0.980	-0.057	0.192	0.000	0.000	0.000	
1.528	0.000	0.000	0.000	0.982	-0.056	0.192	0.000	0.000	0.000	
1.534	0.000	0.000	0.000	0.982	-0.057	0.184	0.000	0.000	0.000	
1.538	0.000	0.000	0.000	0.980	-0.056	0.184	0.000	0.000	0.000	
1.544	0.000	0.000	0.000	0.979	-0.057	0.186	0.000	0.000	0.000	
1.548	0.000	0.000	0.000	0.982	-0.054	0.186	0.000	0.000	0.000	
1.554	0.000	0.000	0.000	0.983	-0.054	0.186	0.000	0.000	0.000	
1.559	0.000	0.000	0.000	0.983	-0.055	0.188	0.000	0.000	0.000	
1.564	0.000	0.000	0.000	0.980	-0.056	0.193	0.000	0.000	0.000	
1.568	0.000	0.000	0.000	0.981	-0.054	0.187	0.000	0.000	0.000	
1.573	0.000	0.000	0.000	0.981	-0.056	0.183	0.000	0.000	0.000	
1.578	0.000	0.000	0.000	0.978	-0.053	0.187	0.000	0.000	0.000	
1.583	0.000	0.000	0.000	0.982	-0.062	0.194	0.000	0.000	0.000	
1.589	0.000	0.000	0.000	0.982	-0.056	0.189	0.000	0.000	0.000	
1.593	0.000	0.000	0.000	0.980	-0.057	0.184	0.000	0.000	0.000	
1.598	0.000	0.000	0.000	0.981	-0.055	0.187	0.000	0.000	0.000	
1.603	0.000	0.000	0.000	0.980	-0.055	0.187	0.000	0.000	0.000	
1.608	0.000	0.000	0.000	0.979	-0.052	0.190	0.000	0.000	0.000	
1.613	0.000	0.000	0.000	0.980	-0.056	0.190	0.000	0.000	0.000	
1.618	0.000	0.000	0.000	0.981	-0.056	0.191	0.000	0.000	0.000	
1.624	0.000	0.000	0.000	0.979	-0.054	0.183	0.000	0.000	0.000	
1.628	0.000	0.000	0.000	0.978	-0.059	0.183	0.000	0.000	0.000	
1.634	0.000	0.000	0.000	0.984	-0.052	0.189	0.000	0.000	0.000	
1.638	0.000	0.000	0.000	0.980	-0.052	0.195	0.000	0.000	0.000	
1.643	0.000	0.000	0.000	0.981	-0.059	0.186	0.000	0.000	0.000	
1.648	0.000	0.000	0.000	0.979	-0.054	0.192	0.000	0.000	0.000	
1.653	0.000	0.000	0.000	0.976	-0.055	0.186	0.000	0.000	0.000	
1.658	0.000	0.000	0.000	0.979	-0.056	0.183	0.000	0.000	0.000	
1.664	0.000	0.000	0.000	0.979	-0.058	0.192	0.000	0.000	0.000	
1.668	0.000	0.000	0.000	0.980	-0.054	0.185	0.000	0.000	0.000	
1.674	0.000	0.000	0.000	0.980	-0.053	0.180	0.000	0.000	0.000	
1.678	0.000	0.000	0.000	0.979	-0.054	0.189	0.000	0.000	0.000	
1.683	0.000	0.000	0.000	0.980	-0.055	0.186	0.000	0.000	0.000	
1.689	0.000	0.000	0.000	0.980	-0.057	0.186	0.000	0.000	0.000	
1.694	0.000	0.000	0.000	0.978	-0.057	0.188	0.000	0.000	0.000	
1.698	0.000	0.000	0.000	0.980	-0.055	0.186	0.000	0.000	0.000	
1.704	0.000	0.000	0.000	0.977	-0.057	0.184	0.000	0.000	0.000	
1.708	0.000	0.000	0.000	0.975	-0.059	0.184	0.000	0.000	0.000	
1.713	0.000	0.000	0.000	0.982	-0.054	0.182	0.000	0.000	0.000	
1.718	0.000	0.000	0.000	0.979	-0.056	0.184	0.000	0.000	0.000	
1.724	0.000	0.000	0.000	0.979	-0.056	0.185	0.000	0.000	0.000	
1.728	0.000	0.000	0.000	0.980	-0.052	0.187	0.000	0.000	0.000	
1.734	0.000	0.000	0.000	0.981	-0.054	0.186	0.000	0.000	0.000	
1.738	0.000	0.000	0.000	0.982	-0.052	0.187	0.000	0.000	0.000	
1.744	0.000	0.000	0.000	0.982	-0.056	0.187	0.000	0.000	0.000	
1.748	0.000	0.000	0.000	0.979	-0.054	0.185	0.000	0.000	0.000	
1.753	0.000	0.000	0.000	0.981	-0.056	0.186	0.000	0.000	0.000	
1.758	0.000	0.000	0.000	0.979	-0.054	0.184	0.000	0.000	0.000	
1.764	0.000	0.000	0.000	0.981	-0.057	0.188	0.000	0.000	0.000	
1.768	0.000	0.000	0.000	0.984	-0.056	0.185	0.000	0.000	0.000	
1.773	0.000	0.000	0.000	0.986	-0.058	0.188	0.000	0.000	0.000	
1.778	0.000	0.000	0.000	0.978	-0.053	0.186	0.000	0.000	0.000	
1.784	0.000	0.000	0.000	0.980	-0.058	0.193	0.000	0.000	0.000	
1.788	0.000	0.000	0.000	0.981	-0.057	0.187	0.000	0.000	0.000	
1.794	0.000	0.000	0.000	0.979	-0.055	0.183	0.000	0.000	0.000	
1.798	0.000	0.000	0.000	0.980	-0.055	0.188	0.000	0.000	0.000	
1.804	0.000	0.000	0.000	0.978	-0.057	0.184	0.000	0.000	0.000	
1.808	0.000	0.000	0.000	0.983	-0.056	0.186	0.000	0.000	0.000	
1.813	0.000	0.000	0.000	0.982	-0.057	0.188	0.000	0.000	0.000	
1.818	0.000	0.000	0.000	0.980	-0.054	0.189	0.000	0.000	0.000	
1.823	0.000	0.000	0.000	0.980	-0.054	0.188	0.000	0.000	0.000	
1.828	0.000	0.000	0.000	0.980	-0.057	0.184	0.000	0.000	0.000	
1.834	0.000	0.000	0.000	0.981	-0.056	0.189	0.000	0.000	0.000	
1.838	0.000	0.000	0.000	0.985	-0.054	0.190	0.000	0.000	0.000	
1.843	0.000	0.000	0.000	0.984	-0.059	0.192	0.000	0.000	0.000	
1.849	0.000	0.000	0.000	0.979	-0.055	0.190	0.000	0.000	0.000	
1.853	0.000	0.000	0.000	0.978	-0.056	0.189	0.000	0.000	0.000	
1.859	0.000	0.000	0.000	0.981	-0.055	0.187	0.000	0.000	0.000	
1.863	0.000	0.000	0.000	0.981	-0.054	0.186	0.000	0.000	0.000	
1.869	0.000	0.000	0.000	0.982	-0.059	0.195	0.000	0.000	0.000	
1.873	0.000	0.000	0.000	0.974	-0.054	0.188	0.000	0.000	0.000	
1.879	0.000	0.000	0.000	0.982	-0.056	0.183	0.000	0.000	0.000	
1.884	0.000	0.000	0.000	0.980	-0.054	0.190	0.000	0.000	0.000	
1.888	0.000	0.000	0.000	0.981	-0.055	0.184	0.000	0.000	0.000	
1.893	0.000	0.000	0.000	0.981	-0.057	0.184	0.000	0.000	0.000	
1.898	0.000	0.000	0.000	0.979	-0.056	0.183	0.000	0.000	0.000	
1.904	0.000	0.000	0.000	0.979	-0.053	0.187	0.000	0.000	0.000	
1.908	0.000	0.000	0.000	0.980	-0.055	0.188	0.000	0.000	0.000	
1.914	0.000	0.000	0.000	0.980	-0.058	0.187	0.000	0.000	0.000	
1.918	0.000	0.000	0.000	0.984	-0.055	0.182	0.000	0.000	0.000	
1.924	0.000	0.000	0.000	0.979	-0.053	0.186	0.000	0.000	0.000	
1.929	0.000	0.000	0.000	0.980	-0.054	0.188	0.000	0.000	0.000	
1.933	0.000	0.000	0.000	0.983	-0.059	0.181	0.000	0.000	0.000	
1.938	0.000	0.000	0.000	0.978	-0.057	0.185	0.000	0.000	0.000	
1.944	0.000	0.000	0.000	0.980	-0.055	0.184	0.000	0.000	0.000	
1.949	0.000	0.000	0.000	0.983	-0.052	0.188	0.000	0.000	0.000	
1.954	0.000	0.000	0.000	0.978	-0.054	0.188	0.000	0.000	0.000	
1.958	0.000	0.000	0.000	0.976	-0.055	0.188	0.000	0.000	0.000	
1.964	0.000	0.000	0.000	0.979	-0.058	0.182	0.000	0.000	0.000	
1.969	0.000	0.000	0.000	0.983	-0.055	0.183	0.000	0.000	0.000	
1.973	0.000	0.000	0.000	0.975	-0.058	0.191	0.000	0.000	0.000	
1.978	0.000	0.000	0.000	0.981	-0.057	0.194	0.000	0.000	0.000	
1.983	0.000	0.000	0.000	0.982	-0.056	0.183	0.000	0.000	0.000	
1.988	0.000	0.000	0.000	0.980	-0.054	0.188	0.000	0.000	0.000	
1.994	0.000	0.000	0.000	0.978	-0.053	0.185	0.000	0.000	0.000	
1.998	0.000	0.000	0.000	0.978	-0.059	0.187	0.000	0.000	0.000	
2.004	0.000	0.000	0.000	0.982	-0.059	0.187	0.000	0.000	0.000	
2.008	0.000	0.000	0.000	0.984	-0.053	0.190	0.000	0.000	0.000	
2.014	0.000	0.000	0.000	0.981	-0.058	0.178	0.000	0.000	0.000	
2.018	0.000	0.000	0.000	0.982	-0.053	0.188	0.000	0.000	0.000	
2.024	0.000	0.000	0.000	0.979	-0.057	0.189	0.000	0.000	0.000	
2.028	0.000	0.000	0.000	0.980	-0.056	0.186	0.000	0.000	0.000	
2.034	0.000	0.000	0.000	0.981	-0.057	0.187	0.000	0.000	0.000	
2.038	0.000	0.000	0.000	0.981	-0.053	0.189	0.000	0.000	0.000	
2.043	0.000	0.000	0.000	0.981	-0.053	0.193	0.000	0.000	0.000	
2.049	0.000	0.000	0.000	0.979	-0.056	0.191	0.000	0.000	0.000	
2.053	0.000	0.000	0.000	0.980	-0.058	0.187	0.000	0.000	0.000	
2.058	0.000	0.000	0.000	0.981	-0.055	0.196	0.000	0.000	0.000	
2.063	0.000	0.000	0.000	0.976	-0.057	0.193	0.000	0.000	0.000	
2.068	0.000	0.000	0.000	0.981	-0.054	0.187	0.000	0.000	0.000	
2.074	0.000	0.000	0.000	0.980	-0.057	0.190	0.000	0.000	0.000	
2.079	0.000	0.000	0.000	0.981	-0.055	0.187	0.000	0.000	0.000	
2.084	0.000	0.000	0.000	0.976	-0.054	0.188	0.000	0.000	0.000	
2.088	0.000	0.000	0.000	0.980	-0.053	0.184	0.000	0.000	0.000	
2.094	0.000	0.000	0.000	0.981	-0.056	0.189	0.000	0.000	0.000	
2.098	0.000	0.000	0.000	0.980	-0.055	0.191	0.000	0.000	0.000	
2.104	0.000	0.000	0.000	0.980	-0.053	0.188	0.000	0.000	0.000	
2.109	0.000	0.000	0.000	0.980	-0.054	0.190	0.000	0.000	0.000	
2.113	0.000	0.000	0.000	0.984	-0.053	0.189	0.000	0.000	0.000	
2.118	0.000	0.000	0.000	0.979	-0.057	0.189	0.000	0.000	0.000	
2.123	0.000	0.000	0.000	0.978	-0.055	0.190	0.000	0.000	0.000	
2.129	0.000	0.000	0.000	0.980	-0.059	0.187	0.000	0.000	0.000	
2.134	0.000	0.000	0.000	0.982	-0.055	0.189	0.000	0.000	0.000	
2.138	0.000	0.000	0.000	0.978	-0.058	0.188	0.000	0.000	0.000	
2.144	0.000	0.000	0.000	0.983	-0.050	0.189	0.000	0.000	0.000	
2.149	0.000	0.000	0.000	0.981	-0.054	0.185	0.000	0.000	0.000	
2.153	0.000	0.000	0.000	0.980	-0.058	0.184	0.000	0.000	0.000	
2.159	0.000	0.000	0.000	0.982	-0.055	0.192	0.000	0.000	0.000	
2.163	0.000	0.000	0.000	0.982	-0.051	0.187	0.000	0.000	0.000	
2.168	0.000	0.000	0.000	0.979	-0.053	0.192	0.000	0.000	0.000	
2.174	0.000	0.000	0.000	0.977	-0.054	0.186	0.000	0.000	0.000	
2.179	0.000	0.000	0.000	0.983	-0.054	0.191	0.000	0.000	0.000	
2.184	0.000	0.000	0.000	0.981	-0.056	0.186	0.000	0.000	0.000	
2.188	0.000	0.000	0.000	0.979	-0.055	0.186	0.000	0.000	0.000	
2.194	0.000	0.000	0.000	0.977	-0.055	0.185	0.000	0.000	0.000	
2.199	0.000	0.000	0.000	0.979	-0.057	0.186	0.000	0.000	0.000	
2.203	0.000	0.000	0.000	0.980	-0.055	0.182	0.000	0.000	0.000	
2.208	0.000	0.000	0.000	0.977	-0.057	0.187	0.000	0.000	0.000	
2.214	0.000	0.000	0.000	0.979	-0.055	0.190	0.000	0.000	0.000	
2.219	0.000	0.000	0.000	0.981	-0.052	0.192	0.000	0.000	0.000	
2.223	0.000	0.000	0.000	0.980	-0.057	0.192	0.000	0.000	0.000	
2.228	0.000	0.000	0.000	0.982	-0.054	0.184	0.000	0.000	0.000	
2.234	0.000	0.000	0.000	0.983	-0.056	0.189	0.000	0.000	0.000	
2.238	0.000	0.000	0.000	0.978	-0.058	0.189	0.000	0.000	0.000	
2.244	0.000	0.000	0.000	0.978	-0.057	0.181	0.000	0.000	0.000	
2.248	0.000	0.000	0.000	0.979	-0.056	0.188	0.000	0.000	0.000	
2.253	0.000	0.000	0.000	0.981	-0.053	0.180	0.000	0.000	0.000	
2.258	0.000	0.000	0.000	0.980	-0.054	0.189	0.000	0.000	0.000	
2.264	0.000	0.000	0.000	0.978	-0.054	0.188	0.000	0.000	0.000	
2.269	0.000	0.000	0.000	0.979	-0.057	0.186	0.000	0.000	0.000	
2.273	0.000	0.000	0.000	0.979	-0.054	0.186	0.000	0.000	0.000	
2.278	0.000	0.000	0.000	0.982	-0.053	0.187	0.000	0.000	0.000	
2.284	0.000	0.000	0.000	0.982	-0.055	0.191	0.000	0.000	0.000	
2.289	0.000	0.000	0.000	0.980	-0.055	0.188	0.000	0.000	0.000	
2.294	0.000	0.000	0.000	0.979	-0.057	0.189	0.000	0.000	0.000	
2.298	0.000	0.000	0.000	0.980	-0.053	0.185	0.000	0.000	0.000	
2.303	0.000	0.000	0.000	0.982	-0.057	0.187	0.000	0.000	0.000	
2.309	0.000	0.000	0.000	0.979	-0.055	0.185	0.000	0.000	0.000	
2.313	0.000	0.000	0.000	0.982	-0.054	0.185	0.000	0.000	0.000	
2.319	0.000	0.000	0.000	0.983	-0.059	0.186	0.000	0.000	0.000	
2.323	0.000	0.000	0.000	0.978	-0.055	0.190	0.000	0.000	0.000	
2.329	0.000	0.000	0.000	0.981	-0.053	0.183	0.000	0.000	0.000	
2.333	0.000	0.000	0.000	0.977	-0.055	0.187	0.000	0.000	0.000	
2.338	0.000	0.000	0.000	0.982	-0.059	0.189	0.000	0.000	0.000	
2.343	0.000	0.000	0.000	0.980	-0.052	0.188	0.000	0.000	0.000	
2.348	0.000	0.000	0.000	0.980	-0.052	0.192	0.000	0.000	0.000	
2.353	0.000	0.000	0.000	0.983	-0.051	0.189	0.000	0.000	0.000	
2.359	0.000	0.000	0.000	0.982	-0.054	0.192	0.000	0.000	0.000	
2.363	0.000	0.000	0.000	0.982	-0.054	0.191	0.000	0.000	0.000	
2.369	0.000	0.000	0.000	0.979	-0.053	0.191	0.000	0.000	0.000	
2.373	0.000	0.000	0.000	0.979	-0.054	0.189	0.000	0.000	0.000	
2.379	0.000	0.000	0.000	0.981	-0.056	0.190	0.000	0.000	0.000	
2.383	0.000	0.000	0.000	0.981	-0.056	0.186	0.000	0.000	0.000	
2.388	0.000	0.000	0.000	0.978	-0.055	0.192	0.000	0.000	0.000	
2.394	0.000	0.000	0.000	0.982	-0.054	0.186	0.000	0.000	0.000	
2.399	0.000	0.000	0.000	0.979	-0.058	0.185	0.000	0.000	0.000	
2.403	0.000	0.000	0.000	0.979	-0.055	0.190	0.000	0.000	0.000	
2.409	0.000	0.000	0.000	0.978	-0.055	0.182	0.000	0.000	0.000	
2.413	0.000	0.000	0.000	0.979	-0.057	0.187	0.000	0.000	0.000	
2.419	0.000	0.000	0.000	0.981	-0.056	0.191	0.000	0.000	0.000	
2.423	0.000	0.000	0.000	0.984	-0.056	0.184	0.000	0.000	0.000	
2.428	0.000	0.000	0.000	0.979	-0.054	0.187	0.000	0.000	0.000	
2.433	0.000	0.000	0.000	0.978	-0.056	0.192	0.000	0.000	0.000	
2.439	0.000	0.000	0.000	0.978	-0.055	0.186	0.000	0.000	0.000	
2.443	0.000	0.000	0.000	0.979	-0.056	0.188	0.000	0.000	0.000	
2.449	0.000	0.000	0.000	0.981	-0.055	0.194	0.000	0.000	0.000	
2.453	0.000	0.000	0.000	0.977	-0.054	0.191	0.000	0.000	0.000	
2.458	0.000	0.000	0.000	0.979	-0.053	0.185	0.000	0.000	0.000	
2.463	0.000	0.000	0.000	0.978	-0.054	0.197	0.000	0.000	0.000	
2.469	0.000	0.000	0.000	0.980	-0.053	0.191	0.000	0.000	0.000	
2.474	0.000	0.000	0.000	0.980	-0.056	0.188	0.000	0.000	0.000	
2.478	0.000	0.000	0.000	0.979	-0.055	0.192	0.000	0.000	0.000	
2.483	0.000	0.000	0.000	0.981	-0.057	0.190	0.000	0.000	0.000	
2.489	0.000	0.000	0.000	0.981	-0.052	0.189	0.000	0.000	0.000	
2.493	0.000	0.000	0.000	0.982	-0.054	0.184	0.000	0.000	0.000	
2.498	0.000	0.000	0.000	0.976	-0.055	0.187	0.000	0.000	0.000	
2.504	0.000	0.000	0.000	0.984	-0.058	0.190	0.000	0.000	0.000	
2.508	0.000	0.000	0.000	0.979	-0.055	0.186	0.000	0.000	0.000	
2.514	0.000	0.000	0.000	0.981	-0.058	0.189	0.000	0.000	0.000	
2.519	0.000	0.000	0.000	0.980	-0.054	0.185	0.000	0.000	0.000	
2.523	0.000	0.000	0.000	0.980	-0.055	0.183	0.000	0.000	0.000	
2.529	0.000	0.000	0.000	0.984	-0.057	0.188	0.000	0.000	0.000	
2.533	0.000	0.000	0.000	0.981	-0.054	0.185	0.000	0.000	0.000	
2.539	0.000	0.000	0.000	0.980	-0.056	0.189	0.000	0.000	0.000	
2.544	0.000	0.000	0.000	0.979	-0.055	0.186	0.000	0.000	0.000	
2.548	0.000	0.000	0.000	0.982	-0.052	0.184	0.000	0.000	0.000	
2.553	0.000	0.000	0.000	0.981	-0.055	0.183	0.000	0.000	0.000	
2.559	0.000	0.000	0.000	0.977	-0.056	0.185	0.000	0.000	0.000	
2.564	0.000	0.000	0.000	0.984	-0.053	0.190	0.000	0.000	0.000	
2.568	0.000	0.000	0.000	0.981	-0.054	0.188	0.000	0.000	0.000	
2.574	0.000	0.000	0.000	0.982	-0.052	0.184	0.000	0.000	0.000	
2.579	0.000	0.000	0.000	0.980	-0.052	0.184	0.000	0.000	0.000	
2.583	0.000	0.000	0.000	0.980	-0.060	0.189	0.000	0.000	0.000	
2.588	0.000	0.000	0.000	0.981	-0.056	0.193	0.000	0.000	0.000	
2.593	0.000	0.000	0.000	0.979	-0.055	0.192	0.000	0.000	0.000	
2.598	0.000	0.000	0.000	0.982	-0.056	0.192	0.000	0.000	0.000	
2.604	0.000	0.000	0.000	0.977	-0.054	0.186	0.000	0.000	0.000	
2.608	0.000	0.000	0.000	0.982	-0.057	0.190	0.000	0.000	0.000	
2.613	0.000	0.000	0.000	0.982	-0.053	0.192	0.000	0.000	0.000	
2.618	0.000	0.000	0.000	0.983	-0.056	0.185	0.000	0.000	0.000	
2.623	0.000	0.000	0.000	0.984	-0.050	0.188	0.000	0.000	0.000	
2.628	0.000	0.000	0.000	0.983	-0.053	0.187	0.000	0.000	0.000	
2.633	0.000	0.000	0.000	0.981	-0.055	0.188	0.000	0.000	0.000	
2.638	0.000	0.000	0.000	0.980	-0.056	0.183	0.000	0.000	0.000	
2.644	0.000	0.000	0.000	0.979	-0.052	0.191	0.000	0.000	0.000	
2.649	0.000	0.000	0.000	0.978	-0.057	0.188	0.000	0.000	0.000	
2.653	0.000	0.000	0.000	0.980	-0.055	0.191	0.000	0.000	0.000	
2.658	0.000	0.000	0.000	0.979	-0.056	0.187	0.000	0.000	0.000	
2.664	0.000	0.000	0.000	0.981	-0.058	0.190	0.000	0.000	0.000	
2.668	0.000	0.000	0.000	0.979	-0.054	0.187	0.000	0.000	0.000	
2.673	0.000	0.000	0.000	0.982	-0.055	0.184	0.000	0.000	0.000	
2.678	0.000	0.000	0.000	0.979	-0.054	0.184	0.000	0.000	0.000	
2.683	0.000	0.000	0.000	0.981	-0.054	0.185	0.000	0.000	0.000	
2.689	0.000	0.000	0.000	0.980	-0.058	0.191	0.000	0.000	0.000	
2.693	0.000	0.000	0.000	0.976	-0.058	0.182	0.000	0.000	0.000	
2.699	0.000	0.000	0.000	0.983	-0.052	0.191	0.000	0.000	0.000	
2.703	0.000	0.000	0.000	0.980	-0.058	0.185	0.000	0.000	0.000	
2.708	0.000	0.000	0.000	0.983	-0.058	0.188	0.000	0.000	0.000	
2.714	0.000	0.000	0.000	0.979	-0.056	0.181	0.000	0.000	0.000	
2.718	0.000	0.000	0.000	0.981	-0.057	0.188	0.000	0.000	0.000	
2.723	0.000	0.000	0.000	0.979	-0.053	0.188	0.000	0.000	0.000	
2.729	0.000	0.000	0.000	0.979	-0.056	0.185	0.000	0.000	0.000	
2.733	0.000	0.000	0.000	0.981	-0.054	0.186	0.000	0.000	0.000	
2.738	0.000	0.000	0.000	0.981	-0.052	0.183	0.000	0.000	0.000	
2.744	0.000	0.000	0.000	0.981	-0.056	0.191	0.000	0.000	0.000	
2.748	0.000	0.000	0.000	0.980	-0.056	0.184	0.000	0.000	0.000	
2.753	0.000	0.000	0.000	0.982	-0.056	0.180	0.000	0.000	0.000	
2.759	0.000	0.000	0.000	0.980	-0.056	0.187	0.000	0.000	0.000	
2.763	0.000	0.000	0.000	0.978	-0.056	0.185	0.000	0.000	0.000	
2.769	0.000	0.000	0.000	0.983	-0.055	0.185	0.000	0.000	0.000	
2.773	0.000	0.000	0.000	0.979	-0.054	0.188	0.000	0.000	0.000	
2.779	0.000	0.000	0.000	0.980	-0.056	0.182	0.000	0.000	0.000	
2.784	0.000	0.000	0.000	0.981	-0.057	0.188	0.000	0.000	0.000	
2.789	0.000	0.000	0.000	0.979	-0.055	0.187	0.000	0.000	0.000	
2.793	0.000	0.000	0.000	0.980	-0.055	0.184	0.000	0.000	0.000	
2.798	0.000	0.000	0.000	0.977	-0.054	0.187	0.000	0.000	0.000	
2.803	0.000	0.000	0.000	0.986	-0.056	0.190	0.000	0.000	0.000	
2.808	0.000	0.000	0.000	0.981	-0.056	0.184	0.000	0.000	0.000	
2.814	0.000	0.000	0.000	0.977	-0.057	0.191	0.000	0.000	0.000	
2.818	0.000	0.000	0.000	0.981	-0.058	0.188	0.000	0.000	0.000	
2.823	0.000	0.000	0.000	0.980	-0.056	0.185	0.000	0.000	0.000	
2.828	0.000	0.000	0.000	0.981	-0.057	0.189	0.000	0.000	0.000	
2.833	0.000	0.000	0.000	0.982	-0.055	0.184	0.000	0.000	0.000	
2.838	0.000	0.000	0.000	0.976	-0.055	0.192	0.000	0.000	0.000	
2.843	0.000	0.000	0.000	0.980	-0.057	0.193	0.000	0.000	0.000	
2.848	0.000	0.000	0.000	0.984	-0.052	0.190	0.000	0.000	0.000	
2.854	0.000	0.000	0.000	0.981	-0.053	0.189	0.000	0.000	0.000	
2.859	0.000	0.000	0.000	0.981	-0.054	0.193	0.000	0.000	0.000	
2.864	0.000	0.000	0.000	0.979	-0.055	0.191	0.000	0.000	0.000	
2.868	0.000	0.000	0.000	0.981	-0.056	0.190	0.000	0.000	0.000	
2.873	0.000	0.000	0.000	0.982	-0.053	0.183	0.000	0.000	0.000	
2.878	0.000	0.000	0.000	0.980	-0.052	0.189	0.000	0.000	0.000	
2.883	0.000	0.000	0.000	0.981	-0.053	0.194	0.000	0.000	0.000	
2.888	0.000	0.000	0.000	0.980	-0.055	0.187	0.000	0.000	0.000	
2.893	0.000	0.000	0.000	0.981	-0.052	0.190	0.000	0.000	0.000	
2.899	0.000	0.000	0.000	0.982	-0.058	0.191	0.000	0.000	0.000	
2.903	0.000	0.000	0.000	0.979	-0.053	0.189	0.000	0.000	0.000	
2.909	0.000	0.000	0.000	0.979	-0.056	0.191	0.000	0.000	0.000	
2.913	0.000	0.000	0.000	0.984	-0.052	0.191	0.000	0.000	0.000	
2.918	0.000	0.000	0.000	0.978	-0.053	0.187	0.000	0.000	0.000	
2.923	0.000	0.000	0.000	0.984	-0.052	0.184	0.000	0.000	0.000	
2.930	0.000	0.000	0.000	0.979	-0.053	0.190	0.000	0.000	0.000	
2.934	0.000	0.000	0.000	0.984	-0.055	0.184	0.000	0.000	0.000	
2.939	0.000	0.000	0.000	0.982	-0.055	0.185	0.000	0.000	0.000	
2.944	0.000	0.000	0.000	0.979	-0.053	0.188	0.000	0.000	0.000	
2.948	0.000	0.000	0.000	0.979	-0.055	0.183	0.000	0.000	0.000	
2.953	0.000	0.000	0.000	0.981	-0.055	0.187	0.000	0.000	0.000	
2.958	0.000	0.000	0.000	0.984	-0.054	0.190	0.000	0.000	0.000	
2.964	0.000	0.000	0.000	0.982	-0.056	0.187	0.000	0.000	0.000	
2.968	0.000	0.000	0.000	0.980	-0.058	0.186	0.000	0.000	0.000	
2.973	0.000	0.000	0.000	0.980	-0.058	0.185	0.000	0.000	0.000	
2.978	0.000	0.000	0.000	0.978	-0.060	0.194	0.000	0.000	0.000	
2.983	0.000	0.000	0.000	0.979	-0.054	0.187	0.000	0.000	0.000	
2.988	0.000	0.000	0.000	0.980	-0.055	0.184	0.000	0.000	0.000	
2.993	0.000	0.000	0.000	0.981	-0.056	0.186	0.000	0.000	0.000	
2.998	0.000	0.000	0.000	0.976	-0.056	0.189	0.000	0.000	0.000	
3.004	0.000	0.000	0.000	0.977	-0.051	0.186	0.000	0.000	0.000	
3.008	0.000	0.000	0.000	0.978	-0.053	0.186	0.000	0.000	0.000	
3.013	0.000	0.000	0.000	0.979	-0.055	0.187	0.000	0.000	0.000	
3.018	0.000	0.000	0.000	0.976	-0.060	0.193	0.000	0.000	0.000	
3.024	0.000	0.000	0.000	0.982	-0.055	0.192	0.000	0.000	0.000	
3.028	0.000	0.000	0.000	0.980	-0.057	0.187	0.000	0.000	0.000	
3.033	0.000	0.000	0.000	0.979	-0.057	0.182	0.000	0.000	0.000	
3.038	0.000	0.000	0.000	0.980	-0.055	0.185	0.000	0.000	0.000	
3.044	0.000	0.000	0.000	0.983	-0.056	0.184	0.000	0.000	0.000	
3.048	0.000	0.000	0.000	0.980	-0.055	0.186	0.000	0.000	0.000	
3.053	0.000	0.000	0.000	0.983	-0.054	0.188	0.000	0.000	0.000	
3.059	0.000	0.000	0.000	0.981	-0.056	0.184	0.000	0.000	0.000	
3.064	0.000	0.000	0.000	0.980	-0.055	0.184	0.000	0.000	0.000	
3.068	0.000	0.000	0.000	0.984	-0.056	0.184	0.000	0.000	0.000	
3.073	0.000	0.000	0.000	0.980	-0.057	0.184	0.000	0.000	0.000	
3.078	0.000	0.000	0.000	0.980	-0.054	0.195	0.000	0.000	0.000	
3.083	0.000	0.000	0.000	0.981	-0.053	0.194	0.000	0.000	0.000	
3.089	0.000	0.000	0.000	0.983	-0.053	0.190	0.000	0.000	0.000	
3.094	0.000	0.000	0.000	0.979	-0.053	0.193	0.000	0.000	0.000	
3.099	0.000	0.000	0.000	0.981	-0.057	0.188	0.000	0.000	0.000	
3.103	0.000	0.000	0.000	0.980	-0.053	0.184	0.000	0.000	0.000	
3.109	0.000	0.000	0.000	0.980	-0.056	0.186	0.000	0.000	0.000	
3.113	0.000	0.000	0.000	0.977	-0.054	0.185	0.000	0.000	0.000	
3.118	0.000	0.000	0.000	0.980	-0.056	0.182	0.000	0.000	0.000	
3.123	0.000	0.000	0.000	0.976	-0.052	0.186	0.000	0.000	0.000	
3.128	0.000	0.000	0.000	0.980	-0.055	0.183	0.000	0.000	0.000	
3.134	0.000	0.000	0.000	0.980	-0.055	0.190	0.000	0.000	0.000	
3.138	0.000	0.000	0.000	0.982	-0.054	0.187	0.000	0.000	0.000	
3.144	0.000	0.000	0.000	0.979	-0.057	0.189	0.000	0.000	0.000	
3.148	0.000	0.000	0.000	0.981	-0.056	0.182	0.000	0.000	0.000	
3.154	0.000	0.000	0.000	0.978	-0.060	0.192	0.000	0.000	0.000	
3.158	0.000	0.000	0.000	0.979	-0.057	0.189	0.000	0.000	0.000	
3.163	0.000	0.000	0.000	0.979	-0.056	0.188	0.000	0.000	0.000	
3.169	0.000	0.000	0.000	0.980	-0.055	0.194	0.000	0.000	0.000	
3.173	0.000	0.000	0.000	0.980	-0.056	0.184	0.000	0.000	0.000	
3.179	0.000	0.000	0.000	0.980	-0.054	0.191	0.000	0.000	0.000	
3.183	0.000	0.000	0.000	0.981	-0.052	0.188	0.000	0.000	0.000	
3.188	0.000	0.000	0.000	0.980	-0.056	0.179	0.000	0.000	0.000	
3.193	0.000	0.000	0.000	0.981	-0.052	0.188	0.000	0.000	0.000	
3.198	0.000	0.000	0.000	0.980	-0.053	0.180	0.000	0.000	0.000	
3.204	0.000	0.000	0.000	0.982	-0.054	0.191	0.000	0.000	0.000	
3.209	0.000	0.000	0.000	0.979	-0.054	0.186	0.000	0.000	0.000	
3.214	0.000	0.000	0.000	0.985	-0.053	0.184	0.000	0.000	0.000	
3.218	0.000	0.000	0.000	0.978	-0.057	0.188	0.000	0.000	0.000	
3.224	0.000	0.000	0.000	0.981	-0.054	0.187	0.000	0.000	0.000	
3.228	0.000	0.000	0.000	0.982	-0.055	0.190	0.000	0.000	0.000	
3.233	0.000	0.000	0.000	0.979	-0.055	0.184	0.000	0.000	0.000	
3.239	0.000	0.000	0.000	0.981	-0.058	0.187	0.000	0.000	0.000	
3.244	0.000	0.000	0.000	0.979	-0.056	0.187	0.000	0.000	0.000	
3.248	0.000	0.000	0.000	0.983	-0.055	0.190	0.000	0.000	0.000	
3.253	0.000	0.000	0.000	0.980	-0.054	0.188	0.000	0.000	0.000	
3.259	0.000	0.000	0.000	0.978	-0.051	0.188	0.000	0.000	0.000	
3.264	0.000	0.000	0.000	0.980	-0.053	0.187	0.000	0.000	0.000	
3.268	0.000	0.000	0.000	0.976	-0.057	0.187	0.000	0.000	0.000	
3.273	0.000	0.000	0.000	0.982	-0.056	0.185	0.000	0.000	0.000	
3.278	0.000	0.000	0.000	0.980	-0.056	0.183	0.000	0.000	0.000	
3.284	0.000	0.000	0.000	0.978	-0.056	0.186	0.000	0.000	0.000	
3.288	0.000	0.000	0.000	0.976	-0.056	0.190	0.000	0.000	0.000	
3.293	0.000	0.000	0.000	0.979	-0.059	0.189	0.000	0.000	0.000	
3.299	0.000	0.000	0.000	0.979	-0.054	0.189	0.000	0.000	0.000	
3.304	0.000	0.000	0.000	0.979	-0.059	0.194	0.000	0.000	0.000	
3.308	0.000	0.000	0.000	0.981	-0.057	0.187	0.000	0.000	0.000	
3.314	0.000	0.000	0.000	0.980	-0.057	0.192	0.000	0.000	0.000	
3.318	0.000	0.000	0.000	0.979	-0.054	0.187	0.000	0.000	0.000	
3.324	0.000	0.000	0.000	0.979	-0.056	0.190	0.000	0.000	0.000	
3.328	0.000	0.000	0.000	0.981	-0.057	0.192	0.000	0.000	0.000	
3.333	0.000	0.000	0.000	0.981	-0.054	0.191	0.000	0.000	0.000	
3.338	0.000	0.000	0.000	0.983	-0.055	0.188	0.000	0.000	0.000	
3.343	0.000	0.000	0.000	0.983	-0.054	0.186	0.000	0.000	0.000	
3.348	0.000	0.000	0.000	0.982	-0.061	0.185	0.000	0.000	0.000	
3.353	0.000	0.000	0.000	0.981	-0.057	0.189	0.000	0.000	0.000	
3.358	0.000	0.000	0.000	0.978	-0.055	0.185	0.000	0.000	0.000	
3.364	0.000	0.000	0.000	0.980	-0.055	0.182	0.000	0.000	0.000	
3.368	0.000	0.000	0.000	0.979	-0.055	0.186	0.000	0.000	0.000	
3.374	0.000	0.000	0.000	0.981	-0.059	0.187	0.000	0.000	0.000	
3.378	0.000	0.000	0.000	0.980	-0.054	0.185	0.000	0.000	0.000	
3.384	0.000	0.000	0.000	0.983	-0.055	0.187	0.000	0.000	0.000	
3.389	0.000	0.000	0.000	0.979	-0.061	0.185	0.000	0.000	0.000	
3.393	0.000	0.000	0.000	0.981	-0.053	0.185	0.000	0.000	0.000	
3.398	0.000	0.000	0.000	0.983	-0.055	0.185	0.000	0.000	0.000	
3.404	0.000	0.000	0.000	0.984	-0.055	0.185	0.000	0.000	0.000	
3.408	0.000	0.000	0.000	0.980	-0.054	0.191	0.000	0.000	0.000	
3.414	0.000	0.000	0.000	0.979	-0.057	0.185	0.000	0.000	0.000	
3.418	0.000	0.000	0.000	0.981	-0.056	0.192	0.000	0.000	0.000	
3.423	0.000	0.000	0.000	0.981	-0.054	0.187	0.000	0.000	0.000	
3.428	0.000	0.000	0.000	0.980	-0.055	0.190	0.000	0.000	0.000	
3.433	0.000	0.000	0.000	0.982	-0.052	0.180	0.000	0.000	0.000	
3.439	0.000	0.000	0.000	0.980	-0.054	0.187	0.000	0.000	0.000	
3.443	0.000	0.000	0.000	0.978	-0.055	0.187	0.000	0.000	0.000	
3.448	0.000	0.000	0.000	0.981	-0.053	0.190	0.000	0.000	0.000	
3.453	0.000	0.000	0.000	0.977	-0.057	0.187	0.000	0.000	0.000	
3.458	0.000	0.000	0.000	0.979	-0.055	0.189	0.000	0.000	0.000	
3.464	0.000	0.000	0.000	0.986	-0.056	0.189	0.000	0.000	0.000	
3.468	0.000	0.000	0.000	0.981	-0.055	0.187	0.000	0.000	0.000	
3.473	0.000	0.000	0.000	0.978	-0.056	0.189	0.000	0.000	0.000	
3.478	0.000	0.000	0.000	0.982	-0.055	0.190	0.000	0.000	0.000	
3.483	0.000	0.000	0.000	0.979	-0.053	0.189	0.000	0.000	0.000	
3.489	0.000	0.000	0.000	0.980	-0.057	0.185	0.000	0.000	0.000	
3.493	0.000	0.000	0.000	0.979	-0.054	0.185	0.000	0.000	0.000	
3.499	0.000	0.000	0.000	0.983	-0.055	0.182	0.000	0.000	0.000	
3.504	0.000	0.000	0.000	0.978	-0.054	0.187	0.000	0.000	0.000	
3.509	0.000	0.000	0.000	0.979	-0.057	0.191	0.000	0.000	0.000	
3.514	0.000	0.000	0.000	0.977	-0.058	0.184	0.000	0.000	0.000	
3.518	0.000	0.000	0.000	0.978	-0.056	0.188	0.000	0.000	0.000	
3.523	0.000	0.000	0.000	0.979	-0.054	0.184	0.000	0.000	0.000	
3.528	0.000	0.000	0.000	0.979	-0.057	0.189	0.000	0.000	0.000	
3.533	0.000	0.000	0.000	0.978	-0.056	0.189	0.000	0.000	0.000	
3.538	0.000	0.000	0.000	0.979	-0.058	0.185	0.000	0.000	0.000	
3.544	0.000	0.000	0.000	0.983	-0.055	0.188	0.000	0.000	0.000	
3.548	0.000	0.000	0.000	0.982	-0.057	0.190	0.000	0.000	0.000	
3.553	0.000	0.000	0.000	0.978	-0.057	0.189	0.000	0.000	0.000	
3.558	0.000	0.000	0.000	0.982	-0.051	0.190	0.000	0.000	0.000	
3.564	0.000	0.000	0.000	0.981	-0.057	0.190	0.000	0.000	0.000	
3.569	0.000	0.000	0.000	0.980	-0.055	0.191	0.000	0.000	0.000	
3.574	0.000	0.000	0.000	0.981	-0.056	0.194	0.000	0.000	0.000	
3.579	0.000	0.000	0.000	0.979	-0.059	0.182	0.000	0.000	0.000	
3.583	0.000	0.000	0.000	0.979	-0.055	0.187	0.000	0.000	0.000	
3.589	0.000	0.000	0.000	0.977	-0.056	0.188	0.000	0.000	0.000	
3.593	0.000	0.000	0.000	0.982	-0.056	0.190	0.000	0.000	0.000	
3.598	0.000	0.000	0.000	0.980	-0.054	0.189	0.000	0.000	0.000	
3.604	0.000	0.000	0.000	0.977	-0.058	0.181	0.000	0.000	0.000	
3.608	0.000	0.000	0.000	0.980	-0.057	0.188	0.000	0.000	0.000	
3.613	0.000	0.000	0.000	0.983	-0.056	0.191	0.000	0.000	0.000	
3.619	0.000	0.000	0.000	0.978	-0.061	0.188	0.000	0.000	0.000	
3.623	0.000	0.000	0.000	0.984	-0.058	0.188	0.000	0.000	0.000	
3.628	0.000	0.000	0.000	0.984	-0.055	0.188	0.000	0.000	0.000	
3.633	0.000	0.000	0.000	0.980	-0.056	0.182	0.000	0.000	0.000	
3.638	0.000	0.000	0.000	0.981	-0.056	0.183	0.000	0.000	0.000	
3.644	0.000	0.000	0.000	0.980	-0.058	0.190	0.000	0.000	0.000	
3.648	0.000	0.000	0.000	0.979	-0.056	0.186	0.000	0.000	0.000	
3.653	0.000	0.000	0.000	0.981	-0.055	0.187	0.000	0.000	0.000	
3.659	0.000	0.000	0.000	0.980	-0.053	0.184	0.000	0.000	0.000	
3.663	0.000	0.000	0.000	0.980	-0.053	0.191	0.000	0.000	0.000	
3.668	0.000	0.000	0.000	0.981	-0.055	0.187	0.000	0.000	0.000	
3.673	0.000	0.000	0.000	0.980	-0.058	0.191	0.000	0.000	0.000	
3.678	0.000	0.000	0.000	0.984	-0.054	0.189	0.000	0.000	0.000	
3.683	0.000	0.000	0.000	0.978	-0.052	0.180	0.000	0.000	0.000	
3.689	0.000	0.000	0.000	0.981	-0.054	0.190	0.000	0.000	0.000	
3.693	0.000	0.000	0.000	0.979	-0.055	0.192	0.000	0.000	0.000	
3.698	0.000	0.000	0.000	0.984	-0.055	0.191	0.000	0.000	0.000	
3.704	0.000	0.000	0.000	0.981	-0.055	0.187	0.000	0.000	0.000	
3.708	0.000	0.000	0.000	0.981	-0.054	0.190	0.000	0.000	0.000	
3.714	0.000	0.000	0.000	0.981	-0.056	0.188	0.000	0.000	0.000	
3.718	0.000	0.000	0.000	0.980	-0.055	0.184	0.000	0.000	0.000	
3.724	0.000	0.000	0.000	0.986	-0.053	0.192	0.000	0.000	0.000	
3.728	0.000	0.000	0.000	0.980	-0.056	0.183	0.000	0.000	0.000	
3.734	0.000	0.000	0.000	0.978	-0.055	0.190	0.000	0.000	0.000	
3.738	0.000	0.000	0.000	0.985	-0.057	0.182	0.000	0.000	0.000	
3.743	0.000	0.000	0.000	0.982	-0.055	0.189	0.000	0.000	0.000	
3.749	0.000	0.000	0.000	0.977	-0.052	0.186	0.000	0.000	0.000	
3.753	0.000	0.000	0.000	0.982	-0.056	0.191	0.000	0.000	0.000	
3.759	0.000	0.000	0.000	0.981	-0.055	0.187	0.000	0.000	0.000	
3.763	0.000	0.000	0.000	0.981	-0.057	0.181	0.000	0.000	0.000	
3.769	0.000	0.000	0.000	0.980	-0.055	0.191	0.000	0.000	0.000	
3.774	0.000	0.000	0.000	0.982	-0.054	0.184	0.000	0.000	0.000	
3.779	0.000	0.000	0.000	0.982	-0.056	0.189	0.000	0.000	0.000	
3.783	0.000	0.000	0.000	0.978	-0.054	0.189	0.000	0.000	0.000	
3.789	0.000	0.000	0.000	0.978	-0.056	0.186	0.000	0.000	0.000	
3.793	0.000	0.000	0.000	0.980	-0.059	0.185	0.000	0.000	0.000	
3.799	0.000	0.000	0.000	0.986	-0.054	0.184	0.000	0.000	0.000	
3.803	0.000	0.000	0.000	0.981	-0.055	0.186	0.000	0.000	0.000	
3.809	0.000	0.000	0.000	0.984	-0.057	0.188	0.000	0.000	0.000	
3.814	0.000	0.000	0.000	0.978	-0.057	0.189	0.000	0.000	0.000	
3.819	0.000	0.000	0.000	0.983	-0.057	0.186	0.000	0.000	0.000	
3.823	0.000	0.000	0.000	0.981	-0.057	0.186	0.000	0.000	0.000	
3.828	0.000	0.000	0.000	0.981	-0.057	0.193	0.000	0.000	0.000	
3.833	0.000	0.000	0.000	0.981	-0.056	0.193	0.000	0.000	0.000	
3.839	0.000	0.000	0.000	0.978	-0.053	0.188	0.000	0.000	0.000	
3.843	0.000	0.000	0.000	0.978	-0.052	0.188	0.000	0.000	0.000	
3.848	0.000	0.000	0.000	0.982	-0.057	0.186	0.000	0.000	0.000	
3.854	0.000	0.000	0.000	0.980	-0.056	0.188	0.000	0.000	0.000	
3.859	0.000	0.000	0.000	0.975	-0.056	0.186	0.000	0.000	0.000	
3.863	0.000	0.000	0.000	0.978	-0.055	0.184	0.000	0.000	0.000	
3.868	0.000	0.000	0.000	0.982	-0.054	0.189	0.000	0.000	0.000	
3.873	0.000	0.000	0.000	0.979	-0.054	0.187	0.000	0.000	0.000	
3.879	0.000	0.000	0.000	0.981	-0.060	0.185	0.000	0.000	0.000	
3.883	0.000	0.000	0.000	0.980	-0.055	0.189	0.000	0.000	0.000	
3.889	0.000	0.000	0.000	0.984	-0.057	0.183	0.000	0.000	0.000	
3.894	0.000	0.000	0.000	0.981	-0.056	0.183	0.000	0.000	0.000	
3.898	0.000	0.000	0.000	0.980	-0.055	0.186	0.000	0.000	0.000	
3.904	0.000	0.000	0.000	0.978	-0.057	0.188	0.000	0.000	0.000	
3.908	0.000	0.000	0.000	0.978	-0.060	0.185	0.000	0.000	0.000	
3.914	0.000	0.000	0.000	0.978	-0.053	0.194	0.000	0.000	0.000	
3.918	0.000	0.000	0.000	0.979	-0.057	0.184	0.000	0.000	0.000	
3.923	0.000	0.000	0.000	0.980	-0.056	0.189	0.000	0.000	0.000	
3.929	0.000	0.000	0.000	0.979	-0.052	0.187	0.000	0.000	0.000	
3.934	0.000	0.000	0.000	0.980	-0.056	0.182	0.000	0.000	0.000	
3.938	0.000	0.000	0.000	0.978	-0.055	0.189	0.000	0.000	0.000	
3.944	0.000	0.000	0.000	0.979	-0.055	0.186	0.000	0.000	0.000	
3.948	0.000	0.000	0.000	0.980	-0.055	0.192	0.000	0.000	0.000	
3.954	0.000	0.000	0.000	0.979	-0.056	0.185	0.000	0.000	0.000	
3.959	0.000	0.000	0.000	0.981	-0.059	0.187	0.000	0.000	0.000	
3.964	0.000	0.000	0.000	0.977	-0.057	0.185	0.000	0.000	0.000	
3.968	0.000	0.000	0.000	0.981	-0.055	0.187	0.000	0.000	0.000	
3.973	0.000	0.000	0.000	0.978	-0.053	0.187	0.000	0.000	0.000	
3.978	0.000	0.000	0.000	0.982	-0.058	0.192	0.000	0.000	0.000	
3.983	0.000	0.000	0.000	0.979	-0.056	0.185	0.000	0.000	0.000	
3.989	0.000	0.000	0.000	0.983	-0.059	0.194	0.000	0.000	0.000	
3.993	0.000	0.000	0.000	0.982	-0.055	0.186	0.000	0.000	0.000	
3.998	0.000	0.000	0.000	0.980	-0.058	0.184	0.000	0.000	0.000	
4.004	0.000	0.000	0.000	0.980	-0.057	0.181	0.000	0.000	0.000	
4.008	0.000	0.000	0.000	0.980	-0.055	0.186	0.000	0.000	0.000	
4.013	0.000	0.000	0.000	0.980	-0.055	0.191	0.000	0.000	0.000	
4.019	0.000	0.000	0.000	0.985	-0.055	0.184	0.000	0.000	0.000	
4.023	0.000	0.000	0.000	0.980	-0.056	0.185	0.000	0.000	0.000	
4.028	0.000	0.000	0.000	0.978	-0.057	0.185	0.000	0.000	0.000	
4.034	0.000	0.000	0.000	0.979	-0.055	0.190	0.000	0.000	0.000	
4.038	0.000	0.000	0.000	0.978	-0.058	0.186	0.000	0.000	0.000	
4.043	0.000	0.000	0.000	0.983	-0.053	0.187	0.000	0.000	0.000	
4.049	0.000	0.000	0.000	0.979	-0.056	0.188	0.000	0.000	0.000	
4.053	0.000	0.000	0.000	0.981	-0.058	0.192	0.000	0.000	0.000	
4.059	0.000	0.000	0.000	0.979	-0.055	0.190	0.000	0.000	0.000	
4.064	0.000	0.000	0.000	0.978	-0.055	0.194	0.000	0.000	0.000	
4.068	0.000	0.000	0.000	0.982	-0.054	0.188	0.000	0.000	0.000	
4.074	0.000	0.000	0.000	0.979	-0.054	0.185	0.000	0.000	0.000	
4.078	0.000	0.000	0.000	0.983	-0.053	0.187	0.000	0.000	0.000	
4.083	0.000	0.000	0.000	0.980	-0.055	0.190	0.000	0.000	0.000	
4.088	0.000	0.000	0.000	0.982	-0.055	0.185	0.000	0.000	0.000	
4.093	0.000	0.000	0.000	0.978	-0.058	0.186	0.000	0.000	0.000	
4.099	0.000	0.000	0.000	0.977	-0.055	0.183	0.000	0.000	0.000	
4.103	0.000	0.000	0.000	0.984	-0.060	0.183	0.000	0.000	0.000	
4.109	0.000	0.000	0.000	0.978	-0.055	0.188	0.000	0.000	0.000	
4.113	0.000	0.000	0.000	0.983	-0.056	0.190	0.000	0.000	0.000	
4.119	0.000	0.000	0.000	0.979	-0.055	0.185	0.000	0.000	0.000	
4.123	0.000	0.000	0.000	0.983	-0.055	0.190	0.000	0.000	0.000	
4.129	0.000	0.000	0.000	0.982	-0.055	0.187	0.000	0.000	0.000	
4.134	0.000	0.000	0.000	0.981	-0.053	0.189	0.000	0.000	0.000	
4.138	0.000	0.000	0.000	0.982	-0.057	0.188	0.000	0.000	0.000	
4.143	0.000	0.000	0.000	0.980	-0.057	0.187	0.000	0.000	0.000	
4.148	0.000	0.000	0.000	0.979	-0.055	0.184	0.000	0.000	0.000	
4.153	0.000	0.000	0.000	0.983	-0.056	0.190	0.000	0.000	0.000	
4.158	0.000	0.000	0.000	0.981	-0.055	0.186	0.000	0.000	0.000	
4.164	0.000	0.000	0.000	0.982	-0.059	0.190	0.000	0.000	0.000	
4.169	0.000	0.000	0.000	0.982	-0.054	0.187	0.000	0.000	0.000	
4.173	0.000	0.000	0.000	0.976	-0.055	0.187	0.000	0.000	0.000	
4.178	0.000	0.000	0.000	0.980	-0.057	0.188	0.000	0.000	0.000	
4.184	0.000	0.000	0.000	0.979	-0.058	0.187	0.000	0.000	0.000	
4.189	0.000	0.000	0.000	0.979	-0.058	0.182	0.000	0.000	0.000	
4.194	0.000	0.000	0.000	0.979	-0.054	0.188	0.000	0.000	0.000	
4.198	0.000	0.000	0.000	0.981	-0.052	0.184	0.000	0.000	0.000	
4.204	0.000	0.000	0.000	0.979	-0.055	0.191	0.000	0.000	0.000	
4.208	0.000	0.000	0.000	0.980	-0.055	0.187	0.000	0.000	0.000	
4.213	0.000	0.000	0.000	0.981	-0.055	0.184	0.000	0.000	0.000	
4.219	0.000	0.000	0.000	0.980	-0.054	0.187	0.000	0.000	0.000	
4.223	0.000	0.000	0.000	0.982	-0.057	0.186	0.000	0.000	0.000	
4.228	0.000	0.000	0.000	0.982	-0.052	0.191	0.000	0.000	0.000	
4.234	0.000	0.000	0.000	0.983	-0.055	0.186	0.000	0.000	0.000	
4.238	0.000	0.000	0.000	0.981	-0.056	0.191	0.000	0.000	0.000	
4.243	0.000	0.000	0.000	0.980	-0.055	0.181	0.000	0.000	0.000	
4.249	0.000	0.000	0.000	0.982	-0.057	0.190	0.000	0.000	0.000	
4.254	0.000	0.000	0.000	0.981	-0.056	0.191	0.000	0.000	0.000	
4.258	0.000	0.000	0.000	0.983	-0.053	0.183	0.000	0.000	0.000	
4.263	0.000	0.000	0.000	0.980	-0.054	0.192	0.000	0.000	0.000	
4.269	0.000	0.000	0.000	0.981	-0.056	0.188	0.000	0.000	0.000	
4.273	0.000	0.000	0.000	0.980	-0.056	0.187	0.000	0.000	0.000	
4.279	0.000	0.000	0.000	0.981	-0.054	0.182	0.000	0.000	0.000	
4.284	0.000	0.000	0.000	0.980	-0.058	0.183	0.000	0.000	0.000	
4.288	0.000	0.000	0.000	0.981	-0.052	0.187	0.000	0.000	0.000	
4.294	0.000	0.000	0.000	0.976	-0.055	0.188	0.000	0.000	0.000	
4.298	0.000	0.000	0.000	0.982	-0.053	0.186	0.000	0.000	0.000	
4.303	0.000	0.000	0.000	0.977	-0.055	0.191	0.000	0.000	0.000	
4.309	0.000	0.000	0.000	0.984	-0.056	0.190	0.000	0.000	0.000	
4.313	0.000	0.000	0.000	0.982	-0.053	0.192	0.000	0.000	0.000	
4.318	0.000	0.000	0.000	0.982	-0.053	0.190	0.000	0.000	0.000	
4.324	0.000	0.000	0.000	0.981	-0.059	0.182	0.000	0.000	0.000	
4.328	0.000	0.000	0.000	0.983	-0.055	0.183	0.000	0.000	0.000	
4.333	0.000	0.000	0.000	0.982	-0.055	0.187	0.000	0.000	0.000	
4.339	0.000	0.000	0.000	0.983	-0.053	0.190	0.000	0.000	0.000	
4.343	0.000	0.000	0.000	0.979	-0.057	0.188	0.000	0.000	0.000	
4.349	0.000	0.000	0.000	0.981	-0.055	0.192	0.000	0.000	0.000	
4.353	0.000	0.000	0.000	0.980	-0.052	0.184	0.000	0.000	0.000	
4.358	0.000	0.000	0.000	0.980	-0.056	0.187	0.000	0.000	0.000	
4.363	0.000	0.000	0.000	0.978	-0.059	0.185	0.000	0.000	0.000	
4.368	0.000	0.000	0.000	0.983	-0.055	0.194	0.000	0.000	0.000	
4.374	0.000	0.000	0.000	0.985	-0.057	0.188	0.000	0.000	0.000	
4.378	0.000	0.000	0.000	0.980	-0.054	0.188	0.000	0.000	0.000	
4.384	0.000	0.000	0.000	0.978	-0.053	0.192	0.000	0.000	0.000	
4.388	0.000	0.000	0.000	0.979	-0.058	0.188	0.000	0.000	0.000	
4.394	0.000	0.000	0.000	0.980	-0.060	0.190	0.000	0.000	0.000	
4.398	0.000	0.000	0.000	0.984	-0.055	0.186	0.000	0.000	0.000	
4.403	0.000	0.000	0.000	0.983	-0.055	0.185	0.000	0.000	0.000	
4.408	0.000	0.000	0.000	0.979	-0.058	0.192	0.000	0.000	0.000	
4.414	0.000	0.000	0.000	0.981	-0.053	0.185	0.000	0.000	0.000	
4.419	0.000	0.000	0.000	0.985	-0.056	0.185	0.000	0.000	0.000	
4.423	0.000	0.000	0.000	0.980	-0.056	0.188	0.000	0.000	0.000	
4.428	0.000	0.000	0.000	0.984	-0.055	0.192	0.000	0.000	0.000	
4.434	0.000	0.000	0.000	0.977	-0.058	0.193	0.000	0.000	0.000	
4.438	0.000	0.000	0.000	0.981	-0.057	0.198	0.000	0.000	0.000	
4.444	0.000	0.000	0.000	0.982	-0.055	0.185	0.000	0.000	0.000	
4.449	0.000	0.000	0.000	0.975	-0.056	0.187	0.000	0.000	0.000	
4.453	0.000	0.000	0.000	0.981	-0.055	0.194	0.000	0.000	0.000	
4.458	0.000	0.000	0.000	0.978	-0.058	0.192	0.000	0.000	0.000	
4.463	0.000	0.000	0.000	0.978	-0.059	0.184	0.000	0.000	0.000	
4.469	0.000	0.000	0.000	0.980	-0.056	0.190	0.000	0.000	0.000	
4.474	0.000	0.000	0.000	0.977	-0.055	0.191	0.000	0.000	0.000	
4.478	0.000	0.000	0.000	0.979	-0.055	0.189	0.000	0.000	0.000	
4.483	0.000	0.000	0.000	0.979	-0.055	0.187	0.000	0.000	0.000	
4.488	0.000	0.000	0.000	0.981	-0.054	0.184	0.000	0.000	0.000	
4.494	0.000	0.000	0.000	0.979	-0.055	0.190	0.000	0.000	0.000	
4.499	0.000	0.000	0.000	0.977	-0.056	0.185	0.000	0.000	0.000	
4.503	0.000	0.000	0.000	0.981	-0.054	0.181	0.000	0.000	0.000	
4.509	0.000	0.000	0.000	0.980	-0.058	0.190	0.000	0.000	0.000	
4.513	0.000	0.000	0.000	0.978	-0.057	0.186	0.000	0.000	0.000	
4.518	0.000	0.000	0.000	0.983	-0.054	0.187	0.000	0.000	0.000	
4.524	0.000	0.000	0.000	0.978	-0.058	0.186	0.000	0.000	0.000	
4.529	0.000	0.000	0.000	0.979	-0.056	0.186	0.000	0.000	0.000	
4.534	0.000	0.000	0.000	0.981	-0.054	0.189	0.000	0.000	0.000	
4.539	0.000	0.000	0.000	0.980	-0.058	0.186	0.000	0.000	0.000	
4.543	0.000	0.000	0.000	0.978	-0.056	0.186	0.000	0.000	0.000	
4.549	0.000	0.000	0.000	0.980	-0.055	0.197	0.000	0.000	0.000	
4.553	0.000	0.000	0.000	0.979	-0.054	0.187	0.000	0.000	0.000	
4.558	0.000	0.000	0.000	0.979	-0.057	0.188	0.000	0.000	0.000	
4.563	0.000	0.000	0.000	0.979	-0.053	0.190	0.000	0.000	0.000	
4.568	0.000	0.000	0.000	0.980	-0.057	0.186	0.000	0.000	0.000	
4.574	0.000	0.000	0.000	0.979	-0.060	0.190	0.000	0.000	0.000	
4.578	0.000	0.000	0.000	0.978	-0.055	0.187	0.000	0.000	0.000	
4.584	0.000	0.000	0.000	0.981	-0.055	0.194	0.000	0.000	0.000	
4.589	0.000	0.000	0.000	0.981	-0.053	0.182	0.000	0.000	0.000	
4.593	0.000	0.000	0.000	0.981	-0.057	0.181	0.000	0.000	0.000	
4.598	0.000	0.000	0.000	0.981	-0.055	0.186	0.000	0.000	0.000	
4.603	0.000	0.000	0.000	0.978	-0.056	0.188	0.000	0.000	0.000	
4.608	0.000	0.000	0.000	0.980	-0.055	0.187	0.000	0.000	0.000	
4.613	0.000	0.000	0.000	0.981	-0.056	0.191	0.000	0.000	0.000	
4.618	0.000	0.000	0.000	0.979	-0.056	0.195	0.000	0.000	0.000	
4.624	0.000	0.000	0.000	0.981	-0.058	0.185	0.000	0.000	0.000	
