RelativeTime(sec)	ID1-Accerlation-X(G)	ID1-Accerlation-Y(G)	ID1-Accerlation-Z(G)	ID2-Accerlation-X(G)	ID2-Accerlation-Y(G)	ID2-Accerlation-Z(G)	ID3-Accerlation-X(G)	ID3-Accerlation-Y(G)	ID3-Accerlation-Z(G)	Pressure-1(bar)	Pressure-2(bar)	Pressure-3(bar)	Pressure-4(bar)	Pressure-5(bar)	Pressure-6(bar)	Pressure-7(bar)	Pressure-8(bar)	
0.000	0.00	0.00	0.00	0.00	0.00	0.00	0.00	0.00	0.00	
0.011	-0.04	0.01	1.00	-0.04	0.01	0.97	-0.03	0.01	1.02	
0.020	-0.04	0.01	1.00	-0.04	0.00	0.97	-0.03	0.01	1.02	
0.030	-0.04	0.01	1.00	-0.04	0.00	0.97	-0.03	0.01	1.02	
0.041	-0.04	0.01	1.00	-0.04	0.00	0.97	-0.03	0.01	1.02	
0.050	-0.04	0.02	1.00	-0.04	0.00	0.97	-0.03	0.01	1.02	
0.060	-0.04	0.01	1.00	-0.04	0.00	0.96	-0.04	0.01	1.02	
0.070	-0.04	0.02	1.00	-0.04	0.00	0.97	-0.03	0.01	1.02	
0.081	-0.04	0.01	0.99	-0.04	0.00	0.97	-0.03	0.01	1.02	
0.091	-0.04	0.02	1.00	-0.05	0.00	0.97	-0.03	0.01	1.03	
0.100	-0.04	0.02	0.99	-0.04	0.00	0.97	-0.03	0.01	1.02	
0.110	-0.04	0.02	1.00	-0.04	0.00	0.97	-0.03	0.01	1.02	
0.120	-0.04	0.02	1.00	-0.04	0.00	0.98	-0.03	0.01	1.02	
0.131	-0.04	0.02	1.00	-0.04	0.00	0.96	-0.03	0.01	1.02	
0.140	-0.04	0.02	1.01	-0.04	0.00	0.97	-0.03	0.01	1.02	
0.150	-0.03	0.02	1.00	-0.04	0.00	0.97	-0.03	0.01	1.02	
0.160	-0.03	0.01	0.99	-0.04	0.00	0.97	-0.03	0.01	1.02	
0.170	-0.04	0.02	1.00	-0.04	0.00	0.97	-0.03	0.01	1.02	
0.181	-0.04	0.02	1.00	-0.04	0.00	0.97	-0.03	0.01	1.02	
0.191	-0.04	0.01	0.99	-0.04	0.00	0.97	-0.03	0.02	1.02	
0.201	-0.04	0.01	1.00	-0.04	0.00	0.97	-0.03	0.01	1.02	
0.211	-0.03	0.02	1.00	-0.05	0.00	0.97	-0.03	0.01	1.02	
0.221	-0.04	0.02	1.00	-0.04	0.00	0.98	-0.03	0.01	1.02	
0.231	-0.04	0.01	1.00	-0.04	0.00	0.97	-0.03	0.01	1.02	
0.241	-0.03	0.01	1.00	-0.04	0.00	0.97	-0.03	0.01	1.02	
0.250	-0.04	0.02	1.00	-0.04	0.00	0.98	-0.03	0.01	1.02	
0.260	-0.04	0.01	1.00	-0.04	0.00	0.97	-0.03	0.02	1.03	
0.270	-0.04	0.02	1.00	-0.04	0.00	0.97	-0.03	0.01	1.02	
0.281	-0.04	0.02	1.00	-0.04	0.01	0.97	-0.03	0.01	1.02	
0.290	-0.04	0.02	0.99	-0.05	0.00	0.97	-0.03	0.01	1.02	
0.301	-0.04	0.01	1.00	-0.04	0.01	0.97	-0.03	0.01	1.02	
0.311	-0.04	0.01	1.00	-0.05	0.00	0.97	-0.03	0.01	1.02	
0.320	-0.04	0.02	1.00	-0.04	0.00	0.97	-0.03	0.01	1.02	
0.331	-0.04	0.02	1.00	-0.04	0.00	0.97	-0.03	0.01	1.03	
0.340	-0.04	0.01	0.99	-0.05	0.00	0.96	-0.03	0.01	1.03	
0.350	-0.04	0.01	1.00	-0.04	-0.00	0.97	-0.03	0.01	1.02	
0.361	-0.04	0.01	1.00	-0.04	0.00	0.97	-0.03	0.01	1.02	
0.371	-0.04	0.02	1.00	-0.05	0.00	0.97	-0.03	0.01	1.02	
0.380	-0.04	0.01	0.99	-0.04	0.00	0.96	-0.03	0.01	1.01	
0.391	-0.04	0.01	1.00	-0.04	0.00	0.97	-0.03	0.01	1.02	
0.400	-0.04	0.01	1.00	-0.04	0.00	0.98	-0.03	0.01	1.02	
0.411	-0.04	0.02	1.00	-0.04	0.00	0.97	-0.04	0.01	1.02	
0.421	-0.04	0.01	1.00	-0.04	0.00	0.97	-0.03	0.01	1.02	
0.431	-0.04	0.01	1.00	-0.04	0.00	0.97	-0.03	0.01	1.02	
0.441	-0.03	0.01	1.00	-0.04	0.00	0.97	-0.03	0.01	1.02	
0.450	-0.04	0.02	1.00	-0.04	0.00	0.97	-0.03	0.01	1.03	
0.460	-0.04	0.01	1.00	-0.04	0.00	0.97	-0.03	0.01	1.02	
0.471	-0.04	0.02	1.00	-0.04	-0.00	0.97	-0.03	0.01	1.02	
0.481	-0.03	0.02	1.00	-0.04	0.00	0.97	-0.03	0.01	1.02	
0.491	-0.04	0.02	1.00	-0.04	0.00	0.97	-0.03	0.01	1.02	
0.500	-0.04	0.01	1.00	-0.04	0.00	0.97	-0.03	0.01	1.03	
0.511	-0.04	0.02	1.00	-0.04	0.00	0.97	-0.03	0.01	1.02	
0.521	-0.04	0.02	1.00	-0.04	0.00	0.97	-0.03	0.01	1.02	
0.530	-0.03	0.01	1.00	-0.04	0.01	0.97	-0.04	0.01	1.02	
0.540	-0.04	0.01	1.00	-0.04	0.00	0.97	-0.03	0.01	1.02	
0.550	-0.04	0.01	1.00	-0.04	0.00	0.97	-0.04	0.01	1.02	
0.560	-0.04	0.02	1.00	-0.04	0.00	0.97	-0.03	0.01	1.02	
0.570	-0.04	0.01	1.00	-0.04	0.00	0.97	-0.03	0.01	1.02	
0.580	-0.04	0.02	0.99	-0.04	0.01	0.97	-0.03	0.01	1.02	
0.591	-0.03	0.02	1.00	-0.04	0.01	0.97	-0.03	0.01	1.02	
0.600	-0.04	0.01	1.00	-0.04	0.00	0.97	-0.03	0.01	1.02	
0.610	-0.04	0.02	1.00	-0.04	-0.00	0.97	-0.03	0.01	1.03	
0.621	-0.04	0.02	1.00	-0.04	0.00	0.97	-0.03	0.01	1.02	
0.631	-0.04	0.01	0.99	-0.05	-0.00	0.97	-0.03	0.01	1.02	
0.640	-0.04	0.02	1.00	-0.05	0.00	0.97	-0.03	0.01	1.02	
0.650	-0.04	0.02	1.00	-0.04	0.00	0.97	-0.03	0.01	1.02	
0.660	-0.04	0.01	1.00	-0.04	0.00	0.97	-0.03	0.01	1.02	
0.670	-0.04	0.02	0.99	-0.04	0.00	0.97	-0.03	0.01	1.02	
0.680	-0.04	0.02	1.00	-0.04	0.00	0.97	-0.03	0.01	1.03	
0.691	-0.04	0.01	1.00	-0.05	0.00	0.97	-0.03	0.01	1.02	
0.701	-0.04	0.02	1.00	-0.04	0.00	0.97	-0.03	0.01	1.01	
0.710	-0.04	0.02	0.99	-0.04	0.00	0.97	-0.03	0.01	1.02	
0.721	-0.04	0.02	1.00	-0.04	-0.00	0.96	-0.03	0.01	1.03	
0.730	-0.04	0.01	1.00	-0.04	0.00	0.97	-0.03	0.01	1.03	
0.741	-0.04	0.02	1.00	-0.05	0.00	0.98	-0.03	0.01	1.02	
0.750	-0.04	0.01	1.00	-0.04	0.00	0.97	-0.03	0.01	1.02	
0.760	-0.04	0.02	1.00	-0.04	0.00	0.97	-0.03	0.01	1.03	
0.771	-0.04	0.02	1.00	-0.04	-0.00	0.97	-0.03	0.01	1.02	
0.781	-0.04	0.01	0.99	-0.04	0.00	0.97	-0.03	0.01	1.02	
0.791	-0.04	0.01	1.00	-0.04	-0.00	0.97	-0.03	0.01	1.03	
0.801	-0.03	0.02	1.00	-0.04	0.01	0.97	-0.03	0.01	1.02	
0.810	-0.04	0.02	1.00	-0.04	0.00	0.97	-0.04	0.01	1.02	
0.820	-0.03	0.02	1.00	-0.04	0.00	0.97	-0.03	0.01	1.02	
0.830	-0.04	0.01	1.00	-0.05	0.00	0.97	-0.03	0.02	1.02	
0.841	-0.04	0.02	1.00	-0.04	0.00	0.97	-0.03	0.01	1.03	
0.851	-0.04	0.02	1.00	-0.04	0.00	0.97	-0.03	0.01	1.02	
0.860	-0.04	0.01	1.00	-0.04	0.00	0.97	-0.03	0.01	1.03	
0.870	-0.04	0.02	1.00	-0.04	0.00	0.97	-0.03	0.01	1.02	
0.880	-0.04	0.02	1.00	-0.04	0.00	0.97	-0.03	0.01	1.02	
0.891	-0.04	0.01	1.00	-0.04	0.00	0.97	-0.03	0.01	1.02	
0.901	-0.04	0.02	1.00	-0.04	0.00	0.97	-0.03	0.01	1.02	
0.911	-0.04	0.01	0.99	-0.04	0.00	0.97	-0.03	0.01	1.02	
0.921	-0.04	0.02	1.00	-0.04	0.00	0.97	-0.03	0.01	1.03	
0.930	-0.04	0.02	1.00	-0.04	0.01	0.97	-0.03	0.01	1.02	
0.940	-0.04	0.02	1.00	-0.04	0.01	0.97	-0.03	0.01	1.02	
0.950	-0.03	0.02	1.00	-0.05	0.00	0.97	-0.03	0.01	1.02	
0.961	-0.04	0.01	1.00	-0.04	0.00	0.97	-0.03	0.02	1.03	
0.971	-0.04	0.02	1.00	-0.04	0.00	0.97	-0.03	0.02	1.02	
0.981	-0.04	0.02	1.00	-0.05	0.00	0.97	-0.03	0.01	1.02	
0.991	-0.04	0.02	1.00	-0.05	0.00	0.97	-0.03	0.01	1.02	
1.001	-0.04	0.02	1.00	-0.04	0.00	0.97	-0.03	0.01	1.03	
1.011	-0.04	0.02	1.00	-0.05	0.01	0.97	-0.03	0.01	1.03	
1.021	-0.04	0.02	1.00	-0.05	0.01	0.97	-0.03	0.01	1.03	
1.030	-0.04	0.01	1.00	-0.05	0.00	0.97	-0.03	0.01	1.01	
1.040	-0.04	0.02	0.99	-0.04	0.00	0.97	-0.03	0.01	1.02	
1.051	-0.04	0.01	1.00	-0.04	0.00	0.97	-0.03	0.01	1.02	
1.060	-0.04	0.02	1.00	-0.04	0.00	0.98	-0.03	0.01	1.02	
1.071	-0.04	0.01	1.00	-0.04	0.00	0.97	-0.03	0.01	1.02	
1.081	-0.04	0.01	1.00	-0.04	0.00	0.97	-0.03	0.01	1.03	
1.090	-0.04	0.01	1.00	-0.04	0.00	0.97	-0.03	0.01	1.02	
1.101	-0.04	0.02	1.00	-0.04	0.00	0.97	-0.03	0.01	1.03	
1.110	-0.04	0.01	1.00	-0.04	0.00	0.97	-0.03	0.01	1.02	
1.120	-0.04	0.01	1.00	-0.04	0.00	0.97	-0.03	0.01	1.02	
1.130	-0.03	0.01	1.00	-0.04	0.00	0.97	-0.03	0.01	1.02	
1.140	-0.04	0.01	0.99	-0.04	0.00	0.97	-0.03	0.01	1.02	
1.151	-0.04	0.02	1.00	-0.04	0.00	0.97	-0.03	0.01	1.02	
1.160	-0.04	0.02	0.99	-0.04	-0.00	0.97	-0.03	0.01	1.02	
1.170	-0.04	0.01	1.00	-0.04	0.00	0.97	-0.03	0.01	1.02	
1.181	-0.04	0.02	0.99	-0.04	0.00	0.97	-0.03	0.01	1.02	
1.190	-0.04	0.02	1.00	-0.04	0.00	0.97	-0.03	0.02	1.02	
1.200	-0.04	0.01	1.00	-0.04	0.00	0.97	-0.03	0.01	1.02	
1.211	-0.04	0.02	1.00	-0.04	0.00	0.98	-0.03	0.01	1.02	
1.220	-0.04	0.02	1.00	-0.04	0.00	0.97	-0.03	0.01	1.03	
1.230	-0.04	0.01	1.00	-0.05	0.00	0.98	-0.03	0.01	1.02	
1.241	-0.04	0.01	1.00	-0.04	0.00	0.97	-0.03	0.01	1.02	
1.251	-0.04	0.01	0.99	-0.04	0.00	0.96	-0.03	0.01	1.01	
1.260	-0.04	0.02	1.00	-0.04	0.00	0.97	-0.03	0.01	1.02	
1.270	-0.04	0.01	0.99	-0.04	0.00	0.98	-0.03	0.01	1.02	
1.280	-0.04	0.02	1.00	-0.04	0.00	0.97	-0.03	0.01	1.03	
1.290	-0.04	0.01	1.00	-0.04	0.00	0.97	-0.03	0.01	1.02	
1.301	-0.04	0.01	1.00	-0.04	0.00	0.97	-0.03	0.01	1.02	
1.310	-0.03	0.01	1.00	-0.04	0.00	0.96	-0.03	0.01	1.02	
1.321	-0.04	0.01	0.99	-0.04	-0.00	0.96	-0.03	0.01	1.02	
1.331	-0.04	0.01	1.00	-0.04	0.00	0.97	-0.03	0.01	1.02	
1.341	-0.04	0.01	1.00	-0.04	0.00	0.97	-0.04	0.01	1.03	
1.351	-0.04	0.02	1.00	-0.04	0.01	0.97	-0.03	0.01	1.03	
1.360	-0.04	0.02	1.00	-0.04	-0.00	0.97	-0.03	0.01	1.03	
1.370	-0.04	0.01	0.99	-0.04	-0.00	0.97	-0.03	0.01	1.02	
1.380	-0.04	0.02	0.99	-0.04	0.00	0.97	-0.03	0.01	1.02	
1.390	-0.04	0.02	1.00	-0.04	0.00	0.97	-0.03	0.01	1.02	
1.401	-0.04	0.02	1.00	-0.04	0.00	0.97	-0.03	0.01	1.02	
1.410	-0.04	0.02	1.00	-0.04	0.00	0.97	-0.03	0.01	1.02	
1.420	-0.04	0.01	1.00	-0.04	0.00	0.97	-0.03	0.01	1.02	
1.431	-0.04	0.01	1.00	-0.05	0.01	0.97	-0.03	0.01	1.03	
1.441	-0.04	0.01	1.01	-0.04	0.00	0.97	-0.03	0.01	1.03	
1.450	-0.04	0.01	0.99	-0.04	0.00	0.97	-0.03	0.01	1.03	
1.460	-0.04	0.01	1.00	-0.04	0.00	0.98	-0.03	0.01	1.03	
1.471	-0.04	0.02	1.00	-0.04	0.00	0.97	-0.03	0.01	1.02	
1.481	-0.04	0.02	1.00	-0.04	0.00	0.97	-0.03	0.01	1.02	
1.490	-0.04	0.02	1.00	-0.05	0.00	0.97	-0.03	0.01	1.03	
1.500	-0.04	0.01	1.00	-0.05	0.00	0.97	-0.03	0.01	1.02	
1.511	-0.03	0.02	1.00	-0.04	0.00	0.97	-0.03	0.01	1.02	
1.521	-0.04	0.02	1.00	-0.04	0.00	0.97	-0.03	0.01	1.02	
1.530	-0.04	0.01	1.00	-0.04	0.00	0.97	-0.03	0.01	1.02	
1.540	-0.04	0.01	1.00	-0.04	0.00	0.97	-0.03	0.01	1.02	
1.550	-0.04	0.01	1.00	-0.05	0.01	0.97	-0.03	0.01	1.03	
1.560	-0.04	0.02	1.00	-0.04	0.00	0.97	-0.03	0.02	1.02	
1.570	-0.04	0.02	1.00	-0.05	0.00	0.97	-0.03	0.01	1.02	
1.580	-0.04	0.01	1.00	-0.04	0.00	0.98	-0.03	0.01	1.02	
1.591	-0.04	0.02	1.00	-0.04	0.00	0.97	-0.03	0.01	1.02	
1.600	-0.04	0.01	1.00	-0.05	0.00	0.97	-0.03	0.01	1.02	
1.610	-0.04	0.01	1.00	-0.05	0.00	0.96	-0.03	0.01	1.02	
1.620	-0.04	0.02	1.00	-0.04	0.00	0.97	-0.03	0.01	1.02	
1.630	-0.04	0.02	1.00	-0.05	0.00	0.97	-0.03	0.01	1.02	
1.640	-0.04	0.01	1.00	-0.04	0.00	0.97	-0.03	0.01	1.03	
1.650	-0.04	0.02	1.00	-0.05	0.00	0.97	-0.03	0.01	1.02	
1.661	-0.04	0.02	1.00	-0.04	0.01	0.97	-0.03	0.01	1.02	
1.671	-0.04	0.02	1.00	-0.04	0.01	0.96	-0.03	0.01	1.02	
1.681	-0.04	0.02	1.00	-0.04	0.00	0.97	-0.03	0.01	1.02	
1.690	-0.03	0.01	0.99	-0.04	0.00	0.97	-0.03	0.01	1.02	
1.700	-0.04	0.01	1.00	-0.04	0.00	0.97	-0.03	0.01	1.02	
1.710	-0.04	0.02	1.00	-0.04	0.01	0.97	-0.04	0.01	1.03	
1.721	-0.03	0.01	1.00	-0.05	0.01	0.97	-0.03	0.01	1.02	
1.731	-0.04	0.02	1.00	-0.05	0.00	0.97	-0.03	0.01	1.02	
1.740	-0.04	0.01	0.99	-0.04	0.00	0.97	-0.03	0.01	1.02	
1.750	-0.04	0.01	1.00	-0.04	0.00	0.97	-0.03	0.01	1.02	
1.760	-0.03	0.01	1.00	-0.04	0.00	0.97	-0.03	0.01	1.02	
1.770	-0.04	0.02	1.01	-0.04	0.00	0.97	-0.03	0.01	1.02	
1.780	-0.04	0.02	1.00	-0.05	0.00	0.97	-0.03	0.01	1.03	
1.790	-0.04	0.01	1.00	-0.04	0.00	0.97	-0.03	0.01	1.02	
1.800	-0.04	0.02	1.00	-0.04	0.00	0.97	-0.03	0.01	1.03	
1.810	-0.04	0.02	1.00	-0.04	0.00	0.97	-0.03	0.01	1.02	
1.820	-0.04	0.02	1.00	-0.05	0.00	0.97	-0.03	0.01	1.02	
1.831	-0.04	0.02	1.00	-0.04	0.00	0.96	-0.03	0.01	1.02	
1.841	-0.04	0.01	1.01	-0.04	0.00	0.98	-0.03	0.01	1.02	
1.850	-0.04	0.02	1.00	-0.04	0.00	0.97	-0.03	0.01	1.02	
1.860	-0.04	0.01	1.00	-0.04	0.00	0.97	-0.03	0.01	1.02	
1.871	-0.04	0.02	1.00	-0.05	0.00	0.97	-0.03	0.01	1.02	
1.880	-0.04	0.02	1.00	-0.04	0.00	0.97	-0.03	0.01	1.02	
1.890	-0.04	0.02	0.99	-0.04	0.00	0.97	-0.03	0.01	1.02	
1.900	-0.04	0.02	1.00	-0.04	0.00	0.98	-0.03	0.01	1.02	
1.911	-0.03	0.01	1.00	-0.04	0.00	0.97	-0.03	0.01	1.02	
1.921	-0.04	0.01	1.00	-0.04	0.00	0.97	-0.03	0.01	1.02	
1.931	-0.04	0.01	1.00	-0.04	0.00	0.97	-0.03	0.01	1.02	
1.941	-0.03	0.02	0.99	-0.04	0.00	0.97	-0.03	0.01	1.02	
1.951	-0.03	0.01	1.00	-0.04	0.01	0.97	-0.03	0.01	1.02	
1.961	-0.04	0.01	1.00	-0.04	0.00	0.98	-0.03	0.01	1.03	
1.971	-0.04	0.01	1.00	-0.05	0.00	0.97	-0.03	0.01	1.02	
1.981	-0.04	0.01	1.00	-0.04	0.00	0.97	-0.03	0.01	1.02	
1.990	-0.04	0.02	0.99	-0.04	0.00	0.97	-0.03	0.01	1.02	
2.000	-0.04	0.02	1.00	-0.04	0.00	0.97	-0.03	0.01	1.02	
2.010	-0.04	0.01	1.00	-0.04	0.00	0.97	-0.03	0.01	1.02	
2.021	-0.04	0.01	1.00	-0.04	0.00	0.97	-0.03	0.01	1.02	
2.031	-0.04	0.02	1.00	-0.04	0.01	0.97	-0.03	0.01	1.02	
2.041	-0.04	0.02	1.00	-0.04	0.00	0.97	-0.03	0.01	1.02	
2.051	-0.04	0.02	1.01	-0.04	0.00	0.97	-0.03	0.01	1.02	
2.061	-0.04	0.02	1.00	-0.05	0.00	0.97	-0.03	0.01	1.02	
2.071	-0.04	0.02	1.00	-0.04	0.00	0.97	-0.03	0.01	1.02	
2.081	-0.04	0.01	1.00	-0.04	0.00	0.97	-0.03	0.01	1.02	
2.091	-0.04	0.01	1.00	-0.04	0.00	0.97	-0.03	0.02	1.02	
2.101	-0.04	0.01	0.99	-0.05	0.00	0.97	-0.03	0.01	1.02	
2.110	-0.04	0.02	0.99	-0.05	0.01	0.97	-0.03	0.01	1.02	
2.121	-0.03	0.02	0.99	-0.04	0.00	0.97	-0.03	0.01	1.02	
2.131	-0.04	0.02	0.99	-0.05	0.00	0.97	-0.03	0.01	1.02	
2.141	-0.04	0.01	1.00	-0.04	0.01	0.97	-0.03	0.01	1.02	
2.151	-0.04	0.02	1.00	-0.04	0.00	0.97	-0.03	0.01	1.02	
2.161	-0.04	0.02	1.00	-0.04	0.00	0.97	-0.04	0.01	1.02	
2.171	-0.04	0.02	0.99	-0.04	0.01	0.97	-0.03	0.01	1.02	
2.181	-0.04	0.01	1.00	-0.05	0.01	0.97	-0.03	0.01	1.02	
2.191	-0.04	0.02	1.00	-0.04	0.00	0.97	-0.03	0.01	1.02	
2.201	-0.04	0.01	1.00	-0.04	0.00	0.97	-0.03	0.01	1.03	
2.211	-0.04	0.01	1.00	-0.04	0.00	0.97	-0.03	0.01	1.03	
2.221	-0.04	0.01	0.99	-0.04	0.00	0.97	-0.03	0.01	1.02	
2.231	-0.04	0.01	1.00	-0.04	0.00	0.97	-0.03	0.01	1.02	
2.240	-0.04	0.02	0.99	-0.04	0.00	0.97	-0.03	0.01	1.02	
2.251	-0.04	0.02	1.00	-0.04	0.00	0.97	-0.03	0.01	1.03	
2.260	-0.04	0.01	1.00	-0.04	0.00	0.97	-0.03	0.01	1.02	
2.270	-0.04	0.02	0.99	-0.04	0.01	0.97	-0.03	0.02	1.02	
2.281	-0.04	0.02	1.00	-0.04	0.00	0.97	-0.03	0.01	1.02	
2.291	-0.04	0.02	1.00	-0.04	0.00	0.97	-0.03	0.01	1.02	
2.300	-0.04	0.02	1.00	-0.04	0.00	0.96	-0.03	0.01	1.02	
2.310	-0.04	0.02	1.00	-0.04	0.01	0.97	-0.03	0.01	1.03	
2.320	-0.04	0.02	1.00	-0.04	0.00	0.97	-0.03	0.01	1.02	
2.330	-0.04	0.01	1.00	-0.04	0.00	0.97	-0.03	0.01	1.02	
2.340	-0.04	0.01	1.00	-0.04	0.00	0.97	-0.03	0.01	1.03	
2.351	-0.04	0.01	1.00	-0.05	0.00	0.97	-0.03	0.01	1.02	
2.360	-0.04	0.02	1.00	-0.04	0.00	0.97	-0.03	0.01	1.03	
2.371	-0.04	0.01	1.00	-0.04	0.01	0.97	-0.03	0.01	1.02	
2.380	-0.04	0.02	1.00	-0.04	0.00	0.97	-0.03	0.01	1.02	
2.390	-0.04	0.01	0.99	-0.04	0.00	0.97	-0.03	0.01	1.02	
2.400	-0.04	0.02	1.00	-0.04	0.00	0.97	-0.03	0.01	1.02	
2.410	-0.04	0.02	1.00	-0.05	0.00	0.97	-0.03	0.01	1.02	
2.420	-0.04	0.01	1.00	-0.04	0.00	0.97	-0.04	0.01	1.02	
2.431	-0.04	0.02	1.00	-0.04	0.01	0.97	-0.03	0.01	1.02	
2.440	-0.04	0.01	0.99	-0.04	0.00	0.97	-0.03	0.01	1.03	
2.451	-0.04	0.01	1.00	-0.04	0.00	0.97	-0.03	0.01	1.02	
2.461	-0.04	0.02	1.00	-0.04	0.00	0.97	-0.03	0.01	1.03	
2.470	-0.04	0.02	1.00	-0.04	0.00	0.98	-0.03	0.01	1.03	
2.481	-0.03	0.02	0.99	-0.04	0.00	0.97	-0.03	0.01	1.02	
2.490	-0.04	0.02	1.00	-0.04	0.00	0.97	-0.03	0.01	1.02	
2.501	-0.04	0.01	1.00	-0.04	0.00	0.97	-0.03	0.01	1.02	
2.510	-0.04	0.01	1.00	-0.04	0.00	0.97	-0.03	0.01	1.02	
2.520	-0.04	0.02	1.00	-0.04	0.00	0.98	-0.04	0.02	1.02	
2.531	-0.04	0.02	1.00	-0.04	0.00	0.97	-0.03	0.01	1.02	
2.540	-0.04	0.01	1.00	-0.04	0.00	0.97	-0.03	0.01	1.02	
2.550	-0.04	0.02	1.00	-0.04	0.00	0.98	-0.03	0.01	1.02	
2.560	-0.04	0.01	1.00	-0.04	0.00	0.97	-0.03	0.01	1.03	
2.570	-0.04	0.01	1.00	-0.04	0.00	0.97	-0.03	0.01	1.02	
2.581	-0.04	0.02	1.00	-0.04	0.00	0.97	-0.03	0.01	1.02	
2.590	-0.04	0.02	1.00	-0.04	0.00	0.97	-0.03	0.01	1.03	
2.600	-0.03	0.01	0.99	-0.04	0.00	0.97	-0.03	0.01	1.02	
2.611	-0.04	0.02	1.00	-0.04	0.00	0.97	-0.03	0.01	1.03	
2.621	-0.04	0.02	1.00	-0.04	0.00	0.97	-0.03	0.01	1.02	
2.630	-0.03	0.01	1.00	-0.04	0.00	0.97	-0.03	0.01	1.02	
2.640	-0.04	0.01	1.00	-0.04	0.00	0.97	-0.03	0.01	1.02	
2.650	-0.04	0.01	0.99	-0.04	0.00	0.96	-0.03	0.01	1.03	
2.660	-0.04	0.01	1.00	-0.04	0.00	0.97	-0.03	0.01	1.02	
2.671	-0.03	0.01	1.00	-0.04	-0.00	0.97	-0.03	0.01	1.02	
2.681	-0.04	0.01	0.99	-0.04	0.00	0.97	-0.03	0.01	1.02	
2.691	-0.04	0.01	1.00	-0.04	0.00	0.97	-0.03	0.01	1.02	
2.701	-0.04	0.01	0.99	-0.04	0.00	0.97	-0.03	0.01	1.03	
2.711	-0.04	0.02	1.00	-0.04	0.00	0.97	-0.03	0.01	1.02	
2.721	-0.03	0.01	1.00	-0.04	0.00	0.97	-0.03	0.01	1.02	
2.731	-0.04	0.01	1.00	-0.04	0.00	0.97	-0.03	0.01	1.02	
2.741	-0.04	0.01	1.00	-0.04	0.00	0.97	-0.03	0.01	1.02	
2.751	-0.04	0.02	1.00	-0.04	0.00	0.97	-0.03	0.01	1.02	
2.761	-0.04	0.02	1.00	-0.04	0.00	0.97	-0.03	0.01	1.02	
2.771	-0.04	0.01	1.00	-0.04	0.00	0.97	-0.03	0.01	1.02	
2.781	-0.04	0.01	1.00	-0.04	0.00	0.97	-0.03	0.01	1.02	
2.791	-0.04	0.01	1.00	-0.04	0.00	0.97	-0.03	0.01	1.02	
2.800	-0.04	0.02	1.00	-0.04	0.00	0.97	-0.03	0.01	1.03	
2.810	-0.04	0.01	1.00	-0.04	0.00	0.97	-0.03	0.01	1.02	
2.820	-0.04	0.02	1.01	-0.04	0.00	0.97	-0.04	0.01	1.02	
2.830	-0.04	0.02	1.00	-0.05	0.00	0.97	-0.03	0.01	1.03	
2.841	-0.03	0.02	1.00	-0.04	0.00	0.97	-0.03	0.01	1.02	
2.851	-0.04	0.01	1.00	-0.04	0.00	0.97	-0.04	0.01	1.02	
2.861	-0.04	0.01	1.00	-0.05	0.00	0.97	-0.03	0.01	1.03	
2.871	-0.04	0.01	1.00	-0.04	0.00	0.97	-0.03	0.01	1.03	
2.881	-0.04	0.02	1.00	-0.04	0.00	0.97	-0.04	0.01	1.02	
2.891	-0.04	0.01	1.00	-0.04	0.00	0.96	-0.03	0.01	1.02	
2.901	-0.04	0.02	1.00	-0.05	0.00	0.97	-0.04	0.01	1.02	
2.911	-0.04	0.02	1.00	-0.04	0.00	0.97	-0.03	0.01	1.02	
2.921	-0.04	0.01	1.00	-0.04	0.00	0.97	-0.03	0.01	1.03	
2.931	-0.04	0.01	1.00	-0.05	0.00	0.97	-0.04	0.01	1.02	
2.941	-0.04	0.02	1.00	-0.04	0.00	0.97	-0.03	0.01	1.02	
2.951	-0.04	0.01	1.00	-0.04	0.00	0.97	-0.03	0.01	1.02	
2.961	-0.04	0.01	1.00	-0.04	0.00	0.97	-0.03	0.01	1.02	
2.970	-0.04	0.02	1.00	-0.04	0.00	0.97	-0.03	0.01	1.02	
2.980	-0.04	0.01	1.00	-0.04	0.01	0.97	-0.03	0.01	1.02	
2.990	-0.03	0.01	1.00	-0.04	0.01	0.97	-0.03	0.01	1.02	
3.000	-0.04	0.01	1.00	-0.05	0.01	0.97	-0.03	0.01	1.02	
3.010	-0.04	0.01	1.00	-0.04	0.00	0.97	-0.03	0.01	1.03	
3.020	-0.04	0.01	1.00	-0.04	0.00	0.97	-0.03	0.01	1.02	
3.030	-0.04	0.02	1.00	-0.04	0.01	0.97	-0.03	0.01	1.02	
3.040	-0.04	0.01	1.00	-0.04	0.00	0.96	-0.03	0.02	1.02	
3.050	-0.04	0.02	0.99	-0.04	0.00	0.97	-0.03	0.01	1.02	
3.060	-0.04	0.01	0.99	-0.04	-0.00	0.97	-0.03	0.01	1.02	
3.070	-0.04	0.02	1.00	-0.04	0.01	0.97	-0.03	0.01	1.02	
3.081	-0.04	0.02	1.00	-0.04	0.00	0.97	-0.03	0.01	1.02	
3.090	-0.04	0.02	1.00	-0.04	0.00	0.97	-0.03	0.01	1.02	
3.100	-0.04	0.01	1.00	-0.04	0.00	0.97	-0.04	0.01	1.02	
3.111	-0.04	0.02	1.00	-0.04	0.00	0.97	-0.03	0.01	1.02	
3.120	-0.03	0.02	1.00	-0.04	0.00	0.97	-0.03	0.01	1.02	
3.130	-0.04	0.01	0.99	-0.05	0.00	0.97	-0.03	0.01	1.02	
3.140	-0.04	0.02	1.00	-0.05	0.00	0.97	-0.03	0.01	1.02	
3.150	-0.04	0.02	1.00	-0.04	0.00	0.97	-0.03	0.01	1.03	
3.160	-0.04	0.01	0.99	-0.04	-0.00	0.97	-0.03	0.01	1.02	
3.170	-0.04	0.02	1.00	-0.04	0.00	0.97	-0.03	0.01	1.02	
3.180	-0.03	0.02	1.00	-0.04	0.00	0.97	-0.03	0.01	1.02	
3.191	-0.03	0.02	1.00	-0.05	0.00	0.97	-0.03	0.01	1.02	
3.201	-0.04	0.01	1.00	-0.04	0.00	0.97	-0.03	0.01	1.02	
3.211	-0.04	0.01	1.00	-0.04	0.00	0.97	-0.03	0.01	1.02	
3.220	-0.03	0.01	1.00	-0.04	0.00	0.97	-0.04	0.01	1.02	
3.231	-0.04	0.01	1.00	-0.04	0.00	0.97	-0.03	0.01	1.03	
3.241	-0.04	0.02	0.99	-0.04	0.00	0.97	-0.03	0.01	1.02	
3.251	-0.03	0.02	0.99	-0.04	0.01	0.97	-0.03	0.01	1.02	
3.261	-0.04	0.01	0.99	-0.05	0.00	0.97	-0.03	0.01	1.02	
3.271	-0.04	0.02	1.00	-0.04	0.00	0.96	-0.03	0.01	1.01	
3.281	-0.04	0.02	1.00	-0.05	0.00	0.97	-0.03	0.01	1.02	
3.291	-0.04	0.02	0.99	-0.04	0.00	0.97	-0.04	0.01	1.02	
3.301	-0.04	0.02	1.00	-0.04	0.00	0.97	-0.03	0.01	1.02	
3.311	-0.04	0.02	1.00	-0.04	0.00	0.97	-0.03	0.01	1.01	
3.321	-0.04	0.01	1.00	-0.04	0.01	0.97	-0.03	0.01	1.02	
3.330	-0.04	0.02	1.00	-0.04	0.00	0.97	-0.03	0.01	1.02	
3.340	-0.04	0.01	0.99	-0.04	0.00	0.97	-0.03	0.01	1.02	
3.351	-0.04	0.01	1.00	-0.04	0.00	0.98	-0.03	0.01	1.02	
3.361	-0.03	0.01	1.00	-0.04	0.00	0.97	-0.03	0.01	1.02	
3.371	-0.04	0.01	1.00	-0.04	0.00	0.97	-0.03	0.01	1.02	
3.380	-0.04	0.02	1.00	-0.04	-0.00	0.97	-0.04	0.01	1.03	
3.391	-0.04	0.02	0.99	-0.04	0.00	0.97	-0.03	0.01	1.02	
3.401	-0.04	0.01	1.00	-0.04	0.00	0.97	-0.04	0.01	1.02	
3.411	-0.04	0.02	1.00	-0.04	0.00	0.97	-0.03	0.01	1.02	
3.421	-0.04	0.02	1.00	-0.05	0.00	0.97	-0.03	0.01	1.02	
3.431	-0.04	0.02	1.00	-0.04	0.00	0.98	-0.03	0.02	1.02	
3.440	-0.04	0.01	1.00	-0.04	0.00	0.98	-0.03	0.01	1.03	
3.450	-0.04	0.01	1.00	-0.04	0.00	0.97	-0.03	0.01	1.02	
3.461	-0.03	0.02	0.99	-0.04	0.00	0.97	-0.03	0.01	1.02	
3.471	-0.04	0.01	0.99	-0.04	0.00	0.97	-0.03	0.01	1.02	
3.481	-0.04	0.01	1.00	-0.04	0.00	0.97	-0.03	0.01	1.03	
3.490	-0.04	0.02	1.00	-0.04	0.00	0.97	-0.03	0.01	1.02	
3.500	-0.04	0.02	1.00	-0.04	0.00	0.96	-0.03	0.01	1.02	
3.511	-0.04	0.02	1.00	-0.04	0.00	0.97	-0.03	0.01	1.02	
3.521	-0.04	0.02	1.00	-0.04	0.00	0.97	-0.03	0.01	1.03	
3.531	-0.04	0.02	1.00	-0.04	0.01	0.97	-0.03	0.02	1.02	
3.541	-0.04	0.01	1.00	-0.05	0.00	0.97	-0.03	0.01	1.02	
3.551	-0.04	0.02	1.00	-0.04	0.00	0.96	-0.03	0.01	1.02	
3.560	-0.04	0.02	1.00	-0.04	0.00	0.97	-0.03	0.01	1.02	
3.570	-0.04	0.02	1.00	-0.04	0.00	0.97	-0.03	0.01	1.02	
3.580	-0.04	0.01	1.00	-0.05	0.00	0.97	-0.03	0.01	1.02	
3.590	-0.04	0.02	1.00	-0.04	0.00	0.97	-0.03	0.01	1.02	
3.601	-0.04	0.02	1.00	-0.04	0.01	0.97	-0.03	0.01	1.02	
3.610	-0.04	0.02	1.00	-0.04	0.00	0.97	-0.03	0.01	1.02	
3.620	-0.04	0.01	1.00	-0.04	0.00	0.97	-0.03	0.01	1.02	
3.630	-0.04	0.01	1.00	-0.04	0.00	0.97	-0.03	0.01	1.02	
3.640	-0.04	0.01	1.00	-0.04	0.01	0.97	-0.03	0.01	1.02	
3.650	-0.04	0.02	0.99	-0.04	0.00	0.97	-0.03	0.01	1.02	
3.661	-0.04	0.02	0.99	-0.04	0.01	0.97	-0.03	0.01	1.02	
3.671	-0.04	0.01	1.00	-0.04	0.00	0.97	-0.03	0.01	1.02	
3.680	-0.04	0.02	1.00	-0.04	0.00	0.97	-0.03	0.01	1.03	
3.690	-0.04	0.02	1.00	-0.04	0.00	0.97	-0.03	0.01	1.03	
3.701	-0.04	0.01	1.00	-0.05	0.00	0.97	-0.03	0.01	1.02	
3.711	-0.04	0.02	1.00	-0.04	-0.00	0.97	-0.03	0.01	1.02	
3.721	-0.04	0.01	1.00	-0.04	0.01	0.97	-0.03	0.01	1.01	
3.731	-0.04	0.02	1.00	-0.04	0.00	0.96	-0.03	0.01	1.02	
3.740	-0.04	0.01	1.00	-0.04	0.01	0.97	-0.03	0.01	1.02	
3.751	-0.04	0.02	1.00	-0.04	0.00	0.97	-0.03	0.01	1.02	
3.760	-0.04	0.01	1.00	-0.04	0.00	0.96	-0.03	0.01	1.02	
3.771	-0.04	0.01	1.00	-0.04	0.00	0.98	-0.03	0.02	1.03	
3.781	-0.04	0.01	0.99	-0.04	0.00	0.97	-0.03	0.01	1.02	
3.791	-0.04	0.02	1.00	-0.05	0.00	0.96	-0.03	0.01	1.02	
3.800	-0.04	0.02	1.00	-0.04	0.01	0.97	-0.03	0.01	1.02	
3.810	-0.03	0.02	1.00	-0.04	0.00	0.97	-0.03	0.01	1.02	
3.821	-0.04	0.02	1.00	-0.04	0.01	0.97	-0.03	0.01	1.02	
3.830	-0.04	0.01	1.00	-0.05	0.00	0.97	-0.03	0.01	1.02	
3.840	-0.04	0.01	1.00	-0.04	0.00	0.97	-0.03	0.01	1.03	
3.851	-0.04	0.01	1.00	-0.04	0.00	0.97	-0.03	0.01	1.02	
3.861	-0.04	0.02	1.00	-0.04	0.01	0.97	-0.03	0.01	1.02	
3.870	-0.04	0.01	1.00	-0.05	0.00	0.97	-0.03	0.01	1.02	
3.880	-0.04	0.02	1.00	-0.04	0.00	0.97	-0.03	0.01	1.03	
3.891	-0.04	0.02	1.00	-0.04	0.00	0.97	-0.03	0.01	1.02	
3.900	-0.04	0.02	1.00	-0.04	0.00	0.97	-0.03	0.01	1.02	
3.911	-0.04	0.02	0.99	-0.04	0.00	0.97	-0.03	0.01	1.02	
3.920	-0.04	0.01	1.00	-0.04	0.00	0.96	-0.03	0.01	1.02	
3.930	-0.04	0.02	1.00	-0.04	0.00	0.97	-0.03	0.01	1.03	
3.941	-0.04	0.02	1.00	-0.04	0.00	0.97	-0.03	0.01	1.02	
3.951	-0.03	0.01	1.00	-0.05	0.00	0.97	-0.03	0.01	1.02	
3.961	-0.04	0.01	0.99	-0.04	0.00	0.97	-0.03	0.01	1.02	
3.971	-0.04	0.02	1.00	-0.05	0.00	0.97	-0.03	0.01	1.02	
3.981	-0.04	0.01	1.00	-0.04	0.00	0.97	-0.03	0.01	1.02	
3.991	-0.03	0.01	1.00	-0.04	0.00	0.97	-0.04	0.01	1.02	
4.001	-0.04	0.01	1.00	-0.04	0.00	0.97	-0.03	0.01	1.02	
4.011	-0.04	0.02	0.99	-0.04	0.00	0.97	-0.03	0.01	1.02	
4.021	-0.04	0.01	1.00	-0.05	0.00	0.97	-0.03	0.01	1.02	
4.031	-0.04	0.02	0.99	-0.04	0.00	0.96	-0.03	0.01	1.02	
4.041	-0.04	0.01	1.00	-0.05	0.00	0.97	-0.03	0.01	1.02	
4.051	-0.04	0.02	1.00	-0.05	0.00	0.97	-0.03	0.01	1.02	
4.061	-0.04	0.01	1.00	-0.04	0.00	0.98	-0.03	0.01	1.02	
4.071	-0.04	0.02	1.00	-0.04	0.01	0.97	-0.03	0.01	1.03	
4.081	-0.04	0.01	1.00	-0.04	0.00	0.97	-0.03	0.01	1.02	
4.091	-0.04	0.02	1.00	-0.05	0.00	0.97	-0.03	0.01	1.02	
4.101	-0.04	0.01	1.00	-0.04	0.00	0.97	-0.03	0.01	1.02	
4.111	-0.04	0.01	1.00	-0.04	0.00	0.97	-0.03	0.01	1.02	
4.121	-0.04	0.02	1.00	-0.04	0.00	0.97	-0.03	0.01	1.02	
4.130	-0.04	0.02	1.00	-0.04	0.00	0.97	-0.03	0.01	1.02	
4.141	-0.04	0.02	0.99	-0.04	0.00	0.97	-0.03	0.01	1.02	
4.151	-0.04	0.01	1.00	-0.04	0.01	0.97	-0.03	0.01	1.02	
4.161	-0.04	0.02	1.00	-0.04	0.01	0.97	-0.03	0.01	1.02	
4.171	-0.04	0.02	1.00	-0.04	0.00	0.97	-0.03	0.01	1.02	
4.181	-0.04	0.02	0.99	-0.04	0.00	0.97	-0.03	0.01	1.02	
4.191	-0.04	0.02	0.99	-0.04	0.00	0.97	-0.03	0.01	1.02	
4.200	-0.04	0.02	1.00	-0.04	0.00	0.97	-0.03	0.01	1.02	
4.210	-0.04	0.02	0.99	-0.04	0.00	0.97	-0.03	0.01	1.02	
4.220	-0.04	0.02	0.99	-0.05	0.00	0.97	-0.03	0.01	1.02	
4.231	-0.03	0.02	1.00	-0.05	0.00	0.97	-0.03	0.02	1.02	
4.241	-0.04	0.02	1.00	-0.04	0.01	0.97	-0.03	0.01	1.02	
4.251	-0.04	0.02	1.00	-0.04	-0.00	0.97	-0.03	0.02	1.02	
4.261	-0.03	0.02	1.00	-0.04	0.00	0.97	-0.03	0.01	1.02	
4.271	-0.04	0.02	0.99	-0.04	0.00	0.96	-0.03	0.01	1.02	
4.280	-0.04	0.01	0.99	-0.04	-0.00	0.97	-0.03	0.01	1.02	
4.290	-0.04	0.01	1.00	-0.04	0.00	0.97	-0.03	0.01	1.02	
4.300	-0.04	0.02	1.00	-0.04	0.00	0.97	-0.03	0.01	1.02	
4.310	-0.04	0.02	1.00	-0.05	0.00	0.97	-0.03	0.01	1.02	
4.320	-0.04	0.02	1.00	-0.04	0.00	0.97	-0.03	0.01	1.02	
4.330	-0.04	0.01	1.00	-0.04	0.00	0.97	-0.03	0.01	1.02	
4.340	-0.04	0.02	1.00	-0.04	0.00	0.97	-0.03	0.01	1.02	
4.350	-0.04	0.02	0.99	-0.04	0.00	0.96	-0.03	0.01	1.02	
4.360	-0.04	0.02	0.99	-0.04	0.00	0.97	-0.03	0.01	1.02	
4.371	-0.04	0.02	0.99	-0.04	0.00	0.97	-0.03	0.01	1.02	
4.380	-0.04	0.01	1.00	-0.04	0.00	0.97	-0.03	0.01	1.02	
4.390	-0.04	0.01	1.00	-0.04	0.00	0.97	-0.03	0.01	1.03	
4.400	-0.04	0.02	1.00	-0.04	0.00	0.97	-0.03	0.01	1.02	
4.410	-0.04	0.01	1.00	-0.04	0.00	0.97	-0.03	0.01	1.02	
4.420	-0.04	0.02	1.00	-0.04	0.01	0.97	-0.03	0.01	1.02	
4.430	-0.04	0.01	1.00	-0.04	0.00	0.97	-0.03	0.01	1.02	
4.440	-0.04	0.02	1.00	-0.05	0.00	0.97	-0.03	0.01	1.03	
4.450	-0.04	0.02	1.00	-0.04	0.00	0.97	-0.03	0.01	1.02	
4.460	-0.03	0.01	1.00	-0.04	0.00	0.97	-0.03	0.01	1.02	
4.471	-0.04	0.02	1.00	-0.04	0.01	0.97	-0.03	0.01	1.02	
4.481	-0.03	0.01	1.00	-0.04	0.00	0.97	-0.03	0.01	1.02	
4.490	-0.04	0.01	1.00	-0.04	0.00	0.97	-0.03	0.01	1.02	
4.500	-0.04	0.02	0.99	-0.04	0.00	0.97	-0.03	0.01	1.02	
4.510	-0.04	0.02	1.00	-0.04	-0.00	0.97	-0.03	0.01	1.02	
4.520	-0.03	0.02	1.00	-0.04	0.00	0.97	-0.03	0.01	1.02	
4.530	-0.04	0.01	0.99	-0.04	0.00	0.97	-0.04	0.01	1.02	
4.541	-0.04	0.02	0.99	-0.04	0.00	0.97	-0.03	0.01	1.02	
4.550	-0.04	0.02	1.00	-0.04	0.00	0.97	-0.03	0.01	1.02	
4.561	-0.04	0.02	1.00	-0.04	0.00	0.97	-0.03	0.01	1.02	
4.570	-0.04	0.02	1.00	-0.04	0.00	0.97	-0.03	0.01	1.02	
4.581	-0.04	0.02	1.00	-0.04	0.00	0.97	-0.03	0.01	1.02	
4.591	-0.04	0.02	1.00	-0.04	0.01	0.97	-0.03	0.01	1.02	
4.601	-0.04	0.01	1.00	-0.04	0.00	0.97	-0.03	0.01	1.02	
4.610	-0.04	0.01	0.99	-0.04	0.00	0.97	-0.03	0.01	1.02	
4.621	-0.04	0.01	0.99	-0.04	0.00	0.97	-0.03	0.01	1.01	
4.630	-0.04	0.01	0.99	-0.04	0.00	0.97	-0.03	0.01	1.02	
4.640	-0.04	0.01	0.99	-0.04	0.00	0.97	-0.03	0.01	1.02	
4.651	-0.04	0.02	1.00	-0.05	0.00	0.97	-0.03	0.01	1.02	
4.660	-0.04	0.02	1.00	-0.04	0.00	0.97	-0.03	0.01	1.02	
4.671	-0.04	0.02	0.99	-0.04	0.00	0.97	-0.03	0.01	1.03	
4.681	-0.04	0.02	1.00	-0.05	0.00	0.97	-0.03	0.01	1.02	
4.691	-0.04	0.02	1.00	-0.04	0.00	0.97	-0.03	0.01	1.03	
4.701	-0.04	0.02	1.00	-0.04	0.00	0.97	-0.03	0.01	1.02	
4.711	-0.04	0.01	1.00	-0.04	0.00	0.97	-0.03	0.01	1.02	
4.721	-0.04	0.02	1.00	-0.04	0.00	0.97	-0.03	0.01	1.02	
4.731	-0.04	0.02	1.00	-0.05	-0.00	0.97	-0.03	0.01	1.02	
4.740	-0.03	0.01	1.00	-0.04	0.00	0.97	-0.03	0.01	1.02	
4.750	-0.04	0.02	1.00	-0.04	0.00	0.96	-0.03	0.01	1.02	
4.761	-0.04	0.01	1.00	-0.04	0.00	0.96	-0.03	0.01	1.02	
4.770	-0.04	0.01	1.00	-0.04	0.00	0.98	-0.03	0.01	1.03	
4.781	-0.04	0.01	1.01	-0.04	-0.00	0.97	-0.03	0.01	1.02	
4.791	-0.04	0.01	1.00	-0.04	0.00	0.96	-0.03	0.02	1.02	
4.800	-0.04	0.02	1.00	-0.04	0.00	0.97	-0.03	0.01	1.02	
4.810	-0.04	0.02	0.99	-0.04	0.00	0.97	-0.03	0.01	1.02	
4.820	-0.04	0.01	1.00	-0.04	0.00	0.97	-0.03	0.01	1.02	
4.830	-0.04	0.01	1.00	-0.04	0.00	0.97	-0.03	0.01	1.03	
4.840	-0.04	0.01	1.00	-0.04	0.00	0.97	-0.03	0.01	1.02	
4.850	-0.04	0.01	1.00	-0.04	0.00	0.97	-0.03	0.01	1.02	
4.860	-0.04	0.01	1.00	-0.04	0.00	0.97	-0.03	0.01	1.02	
4.871	-0.04	0.01	0.99	-0.04	0.00	0.97	-0.03	0.01	1.02	
4.881	-0.04	0.01	1.00	-0.04	0.00	0.97	-0.03	0.01	1.01	
4.890	-0.04	0.02	0.99	-0.04	0.00	0.97	-0.03	0.01	1.02	
4.900	-0.04	0.01	1.00	-0.05	0.00	0.97	-0.03	0.01	1.02	
4.910	-0.04	0.01	1.00	-0.04	0.00	0.97	-0.03	0.01	1.02	
4.921	-0.04	0.02	1.00	-0.04	0.00	0.97	-0.03	0.01	1.02	
4.931	-0.04	0.02	1.00	-0.04	0.01	0.97	-0.03	0.01	1.02	
4.940	-0.04	0.01	1.00	-0.04	0.00	0.97	-0.03	0.01	1.02	
4.951	-0.04	0.02	1.00	-0.04	0.00	0.96	-0.03	0.01	1.02	
4.961	-0.04	0.02	1.00	-0.04	0.00	0.97	-0.03	0.01	1.02	
4.970	-0.04	0.01	1.00	-0.04	-0.00	0.97	-0.03	0.01	1.02	
4.981	-0.04	0.02	1.00	-0.05	0.00	0.97	-0.03	0.01	1.02	
4.991	-0.04	0.01	0.99	-0.04	0.00	0.96	-0.03	0.01	1.02	
5.000	-0.03	0.02	0.99	-0.04	0.00	0.98	-0.03	0.01	1.03	
5.011	-0.04	0.01	1.00	-0.04	0.00	0.97	-0.03	0.01	1.02	
5.021	-0.04	0.02	1.00	-0.04	0.00	0.97	-0.03	0.01	1.02	
5.031	-0.04	0.02	1.00	-0.04	0.00	0.97	-0.03	0.01	1.02	
5.041	-0.04	0.02	1.00	-0.04	0.00	0.97	-0.03	0.01	1.02	
5.050	-0.04	0.01	1.00	-0.05	0.00	0.98	-0.03	0.01	1.02	
5.060	-0.04	0.01	1.00	-0.05	0.00	0.97	-0.03	0.01	1.02	
5.070	-0.04	0.02	1.00	-0.04	0.00	0.97	-0.04	0.01	1.03	
5.081	-0.04	0.02	1.00	-0.04	0.00	0.97	-0.03	0.01	1.02	
5.091	-0.03	0.01	1.00	-0.04	0.01	0.97	-0.03	0.01	1.02	
5.100	-0.04	0.02	1.00	-0.04	0.00	0.97	-0.03	0.01	1.02	
5.110	-0.04	0.01	1.00	-0.04	0.00	0.97	-0.03	0.01	1.02	
5.120	-0.04	0.02	1.00	-0.04	0.00	0.97	-0.03	0.01	1.02	
5.130	-0.04	0.02	0.99	-0.04	0.00	0.97	-0.03	0.01	1.02	
5.140	-0.04	0.02	1.00	-0.05	0.00	0.97	-0.03	0.01	1.02	
5.150	-0.04	0.02	1.00	-0.04	0.00	0.96	-0.03	0.01	1.02	
5.160	-0.04	0.02	0.99	-0.04	0.00	0.97	-0.03	0.01	1.02	
5.171	-0.04	0.01	1.00	-0.04	0.00	0.97	-0.03	0.01	1.02	
