RelativeTime(sec)	ID1-Accerlation-X(G)	ID1-Accerlation-Y(G)	ID1-Accerlation-Z(G)	ID2-Accerlation-X(G)	ID2-Accerlation-Y(G)	ID2-Accerlation-Z(G)	ID3-Accerlation-X(G)	ID3-Accerlation-Y(G)	ID3-Accerlation-Z(G)	Pressure-1(bar)	Pressure-2(bar)	Pressure-3(bar)	Pressure-4(bar)	Pressure-5(bar)	Pressure-6(bar)	Pressure-7(bar)	Pressure-8(bar)	
0.000	0.000	0.000	0.000	0.000	0.000	0.000	0.000	0.000	0.000	
0.003	0.000	0.000	0.000	0.000	0.000	0.000	0.000	0.000	0.000	
0.008	0.000	0.000	0.000	0.000	0.000	0.000	0.000	0.000	0.000	
0.013	0.000	0.000	0.000	0.000	0.000	0.000	0.000	0.000	0.000	
0.018	0.000	0.000	0.000	0.000	0.000	0.000	0.000	0.000	0.000	
0.024	0.000	0.000	0.000	0.000	0.000	0.000	0.000	0.000	0.000	
0.028	0.000	0.000	0.000	0.000	0.000	0.000	0.000	0.000	0.000	
0.034	0.000	0.000	0.000	0.000	0.000	0.000	0.000	0.000	0.000	
0.038	0.000	0.000	0.000	0.000	0.000	0.000	0.000	0.000	0.000	
0.044	0.000	0.000	0.000	0.000	0.000	0.000	0.000	0.000	0.000	
0.048	0.000	0.000	0.000	0.000	0.000	0.000	0.000	0.000	0.000	
0.053	0.000	0.000	0.000	0.000	0.000	0.000	0.000	0.000	0.000	
0.059	0.000	0.000	0.000	0.000	0.000	0.000	0.000	0.000	0.000	
0.063	0.000	0.000	0.000	0.000	0.000	0.000	0.000	0.000	0.000	
0.068	0.000	0.000	0.000	0.000	0.000	0.000	0.000	0.000	0.000	
0.073	0.000	0.000	0.000	0.000	0.000	0.000	0.000	0.000	0.000	
0.079	0.000	0.000	0.000	0.000	0.000	0.000	0.000	0.000	0.000	
0.083	0.000	0.000	0.000	0.000	0.000	0.000	0.000	0.000	0.000	
0.089	0.000	0.000	0.000	0.000	0.000	0.000	0.000	0.000	0.000	
0.094	0.000	0.000	0.000	0.000	0.000	0.000	0.000	0.000	0.000	
0.099	0.000	0.000	0.000	0.000	0.000	0.000	0.000	0.000	0.000	
0.104	0.000	0.000	0.000	0.000	0.000	0.000	0.000	0.000	0.000	
0.108	0.000	0.000	0.000	0.000	0.000	0.000	0.000	0.000	0.000	
0.114	0.000	0.000	0.000	0.000	0.000	0.000	0.000	0.000	0.000	
0.119	0.000	0.000	0.000	0.000	0.000	0.000	0.000	0.000	0.000	
0.123	0.000	0.000	0.000	0.000	0.000	0.000	0.000	0.000	0.000	
0.129	0.000	0.000	0.000	0.000	0.000	0.000	0.000	0.000	0.000	
0.133	0.000	0.000	0.000	0.000	0.000	0.000	0.000	0.000	0.000	
0.139	0.000	0.000	0.000	0.000	0.000	0.000	0.000	0.000	0.000	
0.143	0.000	0.000	0.000	0.000	0.000	0.000	0.000	0.000	0.000	
0.148	0.000	0.000	0.000	0.000	0.000	0.000	0.000	0.000	0.000	
0.153	0.000	0.000	0.000	0.000	0.000	0.000	0.000	0.000	0.000	
0.159	0.000	0.000	0.000	0.000	0.000	0.000	0.000	0.000	0.000	
0.164	0.000	0.000	0.000	0.000	0.000	0.000	0.000	0.000	0.000	
0.169	0.000	0.000	0.000	0.000	0.000	0.000	0.000	0.000	0.000	
0.173	0.000	0.000	0.000	0.000	0.000	0.000	0.000	0.000	0.000	
0.178	0.000	0.000	0.000	0.000	0.000	0.000	0.000	0.000	0.000	
0.184	0.000	0.000	0.000	0.000	0.000	0.000	0.000	0.000	0.000	
0.189	0.000	0.000	0.000	0.000	0.000	0.000	0.000	0.000	0.000	
0.193	0.000	0.000	0.000	0.000	0.000	0.000	0.000	0.000	0.000	
0.199	0.000	0.000	0.000	0.000	0.000	0.000	0.000	0.000	0.000	
0.203	0.000	0.000	0.000	0.000	0.000	0.000	0.000	0.000	0.000	
0.208	0.000	0.000	0.000	0.000	0.000	0.000	0.000	0.000	0.000	
0.213	0.000	0.000	0.000	0.000	0.000	0.000	0.000	0.000	0.000	
0.218	0.000	0.000	0.000	0.000	0.000	0.000	0.000	0.000	0.000	
0.223	0.000	0.000	0.000	0.000	0.000	0.000	0.000	0.000	0.000	
0.228	0.000	0.000	0.000	0.000	0.000	0.000	0.000	0.000	0.000	
0.233	0.000	0.000	0.000	0.000	0.000	0.000	0.000	0.000	0.000	
0.238	0.000	0.000	0.000	0.000	0.000	0.000	0.000	0.000	0.000	
0.244	0.000	0.000	0.000	0.000	0.000	0.000	0.000	0.000	0.000	
0.248	0.000	0.000	0.000	0.000	0.000	0.000	0.000	0.000	0.000	
0.253	0.000	0.000	0.000	0.000	0.000	0.000	0.000	0.000	0.000	
0.258	0.000	0.000	0.000	0.000	0.000	0.000	0.000	0.000	0.000	
0.264	0.000	0.000	0.000	0.000	0.000	0.000	0.000	0.000	0.000	
0.268	0.000	0.000	0.000	0.000	0.000	0.000	0.000	0.000	0.000	
0.273	0.000	0.000	0.000	0.000	0.000	0.000	0.000	0.000	0.000	
0.279	0.000	0.000	0.000	0.000	0.000	0.000	0.000	0.000	0.000	
0.284	0.000	0.000	0.000	0.000	0.000	0.000	0.000	0.000	0.000	
0.288	0.000	0.000	0.000	0.000	0.000	0.000	0.000	0.000	0.000	
0.293	0.000	0.000	0.000	0.000	0.000	0.000	0.000	0.000	0.000	
0.298	0.000	0.000	0.000	0.000	0.000	0.000	0.000	0.000	0.000	
0.303	0.000	0.000	0.000	0.000	0.000	0.000	0.000	0.000	0.000	
0.309	0.000	0.000	0.000	0.000	0.000	0.000	0.000	0.000	0.000	
0.313	0.000	0.000	0.000	0.000	0.000	0.000	0.000	0.000	0.000	
0.319	0.000	0.000	0.000	0.000	0.000	0.000	0.000	0.000	0.000	
0.324	0.000	0.000	0.000	0.000	0.000	0.000	0.000	0.000	0.000	
0.328	0.000	0.000	0.000	0.000	0.000	0.000	0.000	0.000	0.000	
0.334	0.000	0.000	0.000	0.000	0.000	0.000	0.000	0.000	0.000	
0.338	0.000	0.000	0.000	0.000	0.000	0.000	0.000	0.000	0.000	
0.343	0.000	0.000	0.000	0.000	0.000	0.000	0.000	0.000	0.000	
0.348	0.000	0.000	0.000	0.000	0.000	0.000	0.000	0.000	0.000	
0.354	0.000	0.000	0.000	0.000	0.000	0.000	0.000	0.000	0.000	
0.358	0.000	0.000	0.000	0.000	0.000	0.000	0.000	0.000	0.000	
0.363	0.000	0.000	0.000	0.000	0.000	0.000	0.000	0.000	0.000	
0.369	0.000	0.000	0.000	0.000	0.000	0.000	0.000	0.000	0.000	
0.373	0.000	0.000	0.000	0.000	0.000	0.000	0.000	0.000	0.000	
0.379	0.000	0.000	0.000	0.000	0.000	0.000	0.000	0.000	0.000	
0.383	0.000	0.000	0.000	0.000	0.000	0.000	0.000	0.000	0.000	
0.388	0.000	0.000	0.000	0.000	0.000	0.000	0.000	0.000	0.000	
0.393	0.000	0.000	0.000	0.000	0.000	0.000	0.000	0.000	0.000	
0.399	0.000	0.000	0.000	0.000	0.000	0.000	0.000	0.000	0.000	
0.403	0.000	0.000	0.000	0.000	0.000	0.000	0.000	0.000	0.000	
0.408	0.000	0.000	0.000	0.000	0.000	0.000	0.000	0.000	0.000	
0.413	0.000	0.000	0.000	0.000	0.000	0.000	0.000	0.000	0.000	
0.419	0.000	0.000	0.000	0.000	0.000	0.000	0.000	0.000	0.000	
0.423	0.000	0.000	0.000	0.000	0.000	0.000	0.000	0.000	0.000	
0.428	0.000	0.000	0.000	0.000	0.000	0.000	0.000	0.000	0.000	
0.434	0.000	0.000	0.000	0.000	0.000	0.000	0.000	0.000	0.000	
0.438	0.000	0.000	0.000	0.000	0.000	0.000	0.000	0.000	0.000	
0.444	0.000	0.000	0.000	0.000	0.000	0.000	0.000	0.000	0.000	
0.448	0.000	0.000	0.000	0.000	0.000	0.000	0.000	0.000	0.000	
0.454	0.000	0.000	0.000	0.000	0.000	0.000	0.000	0.000	0.000	
0.458	0.000	0.000	0.000	0.000	0.000	0.000	0.000	0.000	0.000	
0.464	0.000	0.000	0.000	0.000	0.000	0.000	0.000	0.000	0.000	
0.468	0.000	0.000	0.000	0.000	0.000	0.000	0.000	0.000	0.000	
0.473	0.000	0.000	0.000	0.000	0.000	0.000	0.000	0.000	0.000	
0.479	0.000	0.000	0.000	0.000	0.000	0.000	0.000	0.000	0.000	
0.484	0.000	0.000	0.000	0.000	0.000	0.000	0.000	0.000	0.000	
0.488	0.000	0.000	0.000	0.000	0.000	0.000	0.000	0.000	0.000	
0.494	0.000	0.000	0.000	0.000	0.000	0.000	0.000	0.000	0.000	
0.498	0.000	0.000	0.000	0.000	0.000	0.000	0.000	0.000	0.000	
0.503	0.000	0.000	0.000	0.000	0.000	0.000	0.000	0.000	0.000	
0.508	0.000	0.000	0.000	0.000	0.000	0.000	0.000	0.000	0.000	
0.513	0.000	0.000	0.000	0.000	0.000	0.000	0.000	0.000	0.000	
0.519	0.000	0.000	0.000	0.000	0.000	0.000	0.000	0.000	0.000	
0.524	0.000	0.000	0.000	0.000	0.000	0.000	0.000	0.000	0.000	
0.528	0.000	0.000	0.000	0.000	0.000	0.000	0.000	0.000	0.000	
0.534	0.000	0.000	0.000	0.000	0.000	0.000	0.000	0.000	0.000	
0.538	0.000	0.000	0.000	0.000	0.000	0.000	0.000	0.000	0.000	
0.544	0.000	0.000	0.000	0.000	0.000	0.000	0.000	0.000	0.000	
0.549	0.000	0.000	0.000	0.000	0.000	0.000	0.000	0.000	0.000	
0.553	0.000	0.000	0.000	0.000	0.000	0.000	0.000	0.000	0.000	
0.558	0.000	0.000	0.000	0.000	0.000	0.000	0.000	0.000	0.000	
0.563	0.000	0.000	0.000	0.000	0.000	0.000	0.000	0.000	0.000	
0.568	0.000	0.000	0.000	0.000	0.000	0.000	0.000	0.000	0.000	
0.573	0.000	0.000	0.000	0.000	0.000	0.000	0.000	0.000	0.000	
0.579	0.000	0.000	0.000	0.000	0.000	0.000	0.000	0.000	0.000	
0.583	0.000	0.000	0.000	0.000	0.000	0.000	0.000	0.000	0.000	
0.588	0.000	0.000	0.000	0.000	0.000	0.000	0.000	0.000	0.000	
0.593	0.000	0.000	0.000	0.000	0.000	0.000	0.000	0.000	0.000	
0.599	0.000	0.000	0.000	0.000	0.000	0.000	0.000	0.000	0.000	
0.604	0.000	0.000	0.000	0.000	0.000	0.000	0.000	0.000	0.000	
0.608	0.000	0.000	0.000	0.000	0.000	0.000	0.000	0.000	0.000	
0.613	0.000	0.000	0.000	0.000	0.000	0.000	0.000	0.000	0.000	
0.619	0.000	0.000	0.000	0.000	0.000	0.000	0.000	0.000	0.000	
0.623	0.000	0.000	0.000	0.000	0.000	0.000	0.000	0.000	0.000	
0.628	0.000	0.000	0.000	0.000	0.000	0.000	0.000	0.000	0.000	
0.634	0.000	0.000	0.000	0.000	0.000	0.000	0.000	0.000	0.000	
0.638	0.000	0.000	0.000	0.000	0.000	0.000	0.000	0.000	0.000	
0.644	0.000	0.000	0.000	0.000	0.000	0.000	0.000	0.000	0.000	
0.648	0.000	0.000	0.000	0.000	0.000	0.000	0.000	0.000	0.000	
0.653	0.000	0.000	0.000	0.000	0.000	0.000	0.000	0.000	0.000	
0.659	0.000	0.000	0.000	0.000	0.000	0.000	0.000	0.000	0.000	
0.663	0.000	0.000	0.000	0.000	0.000	0.000	0.000	0.000	0.000	
0.669	0.000	0.000	0.000	0.000	0.000	0.000	0.000	0.000	0.000	
0.673	0.000	0.000	0.000	0.000	0.000	0.000	0.000	0.000	0.000	
0.678	0.000	0.000	0.000	0.000	0.000	0.000	0.000	0.000	0.000	
0.683	0.000	0.000	0.000	0.000	0.000	0.000	0.000	0.000	0.000	
0.688	0.000	0.000	0.000	0.000	0.000	0.000	0.000	0.000	0.000	
0.693	0.000	0.000	0.000	0.000	0.000	0.000	0.000	0.000	0.000	
0.699	0.000	0.000	0.000	0.000	0.000	0.000	0.000	0.000	0.000	
0.703	0.000	0.000	0.000	0.000	0.000	0.000	0.000	0.000	0.000	
0.708	0.000	0.000	0.000	0.000	0.000	0.000	0.000	0.000	0.000	
0.713	0.000	0.000	0.000	0.000	0.000	0.000	0.000	0.000	0.000	
0.718	0.000	0.000	0.000	0.000	0.000	0.000	0.000	0.000	0.000	
0.724	0.000	0.000	0.000	0.000	0.000	0.000	0.000	0.000	0.000	
0.728	0.000	0.000	0.000	0.000	0.000	0.000	0.000	0.000	0.000	
0.733	0.000	0.000	0.000	0.000	0.000	0.000	0.000	0.000	0.000	
0.739	0.000	0.000	0.000	0.000	0.000	0.000	0.000	0.000	0.000	
0.743	0.000	0.000	0.000	0.000	0.000	0.000	0.000	0.000	0.000	
0.749	0.000	0.000	0.000	0.000	0.000	0.000	0.000	0.000	0.000	
0.753	0.000	0.000	0.000	0.000	0.000	0.000	0.000	0.000	0.000	
0.759	0.000	0.000	0.000	0.000	0.000	0.000	0.000	0.000	0.000	
0.763	0.000	0.000	0.000	0.000	0.000	0.000	0.000	0.000	0.000	
0.769	0.000	0.000	0.000	0.000	0.000	0.000	0.000	0.000	0.000	
0.774	0.000	0.000	0.000	0.000	0.000	0.000	0.000	0.000	0.000	
0.779	0.000	0.000	0.000	0.000	0.000	0.000	0.000	0.000	0.000	
0.784	0.000	0.000	0.000	0.000	0.000	0.000	0.000	0.000	0.000	
0.789	0.000	0.000	0.000	0.000	0.000	0.000	0.000	0.000	0.000	
0.793	0.000	0.000	0.000	0.000	0.000	0.000	0.000	0.000	0.000	
0.799	0.000	0.000	0.000	0.000	0.000	0.000	0.000	0.000	0.000	
0.803	0.000	0.000	0.000	0.000	0.000	0.000	0.000	0.000	0.000	
0.809	0.000	0.000	0.000	0.000	0.000	0.000	0.000	0.000	0.000	
0.814	0.000	0.000	0.000	0.000	0.000	0.000	0.000	0.000	0.000	
0.818	0.000	0.000	0.000	0.000	0.000	0.000	0.000	0.000	0.000	
0.824	0.000	0.000	0.000	0.000	0.000	0.000	0.000	0.000	0.000	
0.829	0.000	0.000	0.000	0.000	0.000	0.000	0.000	0.000	0.000	
0.833	0.000	0.000	0.000	0.000	0.000	0.000	0.000	0.000	0.000	
0.838	0.000	0.000	0.000	0.000	0.000	0.000	0.000	0.000	0.000	
0.843	0.000	0.000	0.000	0.000	0.000	0.000	0.000	0.000	0.000	
0.849	0.000	0.000	0.000	0.000	0.000	0.000	0.000	0.000	0.000	
0.853	0.000	0.000	0.000	0.000	0.000	0.000	0.000	0.000	0.000	
0.858	0.000	0.000	0.000	0.000	0.000	0.000	0.000	0.000	0.000	
0.863	0.000	0.000	0.000	0.000	0.000	0.000	0.000	0.000	0.000	
0.868	0.000	0.000	0.000	0.000	0.000	0.000	0.000	0.000	0.000	
0.873	0.000	0.000	0.000	0.000	0.000	0.000	0.000	0.000	0.000	
0.879	0.000	0.000	0.000	0.000	0.000	0.000	0.000	0.000	0.000	
0.883	0.000	0.000	0.000	0.000	0.000	0.000	0.000	0.000	0.000	
0.888	0.000	0.000	0.000	0.000	0.000	0.000	0.000	0.000	0.000	
0.893	0.000	0.000	0.000	0.000	0.000	0.000	0.000	0.000	0.000	
0.899	0.000	0.000	0.000	0.000	0.000	0.000	0.000	0.000	0.000	
0.903	0.000	0.000	0.000	0.000	0.000	0.000	0.000	0.000	0.000	
0.908	0.000	0.000	0.000	0.000	0.000	0.000	0.000	0.000	0.000	
0.913	0.000	0.000	0.000	0.000	0.000	0.000	0.000	0.000	0.000	
0.918	0.000	0.000	0.000	0.000	0.000	0.000	0.000	0.000	0.000	
0.924	0.000	0.000	0.000	0.000	0.000	0.000	0.000	0.000	0.000	
0.928	0.000	0.000	0.000	0.000	0.000	0.000	0.000	0.000	0.000	
0.934	0.000	0.000	0.000	0.000	0.000	0.000	0.000	0.000	0.000	
0.938	0.000	0.000	0.000	0.000	0.000	0.000	0.000	0.000	0.000	
0.943	0.000	0.000	0.000	0.000	0.000	0.000	0.000	0.000	0.000	
0.948	0.000	0.000	0.000	0.000	0.000	0.000	0.000	0.000	0.000	
0.953	0.000	0.000	0.000	0.000	0.000	0.000	0.000	0.000	0.000	
0.959	0.000	0.000	0.000	0.000	0.000	0.000	0.000	0.000	0.000	
0.963	0.000	0.000	0.000	0.000	0.000	0.000	0.000	0.000	0.000	
0.968	0.000	0.000	0.000	0.000	0.000	0.000	0.000	0.000	0.000	
0.974	0.000	0.000	0.000	0.000	0.000	0.000	0.000	0.000	0.000	
0.978	0.000	0.000	0.000	0.000	0.000	0.000	0.000	0.000	0.000	
0.984	0.000	0.000	0.000	0.000	0.000	0.000	0.000	0.000	0.000	
0.988	0.000	0.000	0.000	0.000	0.000	0.000	0.000	0.000	0.000	
0.993	0.000	0.000	0.000	0.000	0.000	0.000	0.000	0.000	0.000	
0.998	0.000	0.000	0.000	0.000	0.000	0.000	0.000	0.000	0.000	
1.003	0.000	0.000	0.000	0.000	0.000	0.000	0.000	0.000	0.000	
1.008	0.000	0.000	0.000	0.000	0.000	0.000	0.000	0.000	0.000	
1.013	0.000	0.000	0.000	0.000	0.000	0.000	0.000	0.000	0.000	
1.019	0.000	0.000	0.000	0.000	0.000	0.000	0.000	0.000	0.000	
1.024	0.000	0.000	0.000	0.000	0.000	0.000	0.000	0.000	0.000	
1.029	0.000	0.000	0.000	0.000	0.000	0.000	0.000	0.000	0.000	
1.033	0.000	0.000	0.000	0.000	0.000	0.000	0.000	0.000	0.000	
1.038	0.000	0.000	0.000	0.000	0.000	0.000	0.000	0.000	0.000	
1.044	0.000	0.000	0.000	0.000	0.000	0.000	0.000	0.000	0.000	
1.048	0.000	0.000	0.000	0.000	0.000	0.000	0.000	0.000	0.000	
1.053	0.000	0.000	0.000	0.000	0.000	0.000	0.000	0.000	0.000	
1.058	0.000	0.000	0.000	0.000	0.000	0.000	0.000	0.000	0.000	
1.063	0.000	0.000	0.000	0.000	0.000	0.000	0.000	0.000	0.000	
1.068	0.000	0.000	0.000	0.000	0.000	0.000	0.000	0.000	0.000	
1.073	0.000	0.000	0.000	0.000	0.000	0.000	0.000	0.000	0.000	
1.078	0.000	0.000	0.000	0.000	0.000	0.000	0.000	0.000	0.000	
1.083	0.000	0.000	0.000	0.000	0.000	0.000	0.000	0.000	0.000	
1.088	0.000	0.000	0.000	0.000	0.000	0.000	0.000	0.000	0.000	
1.093	0.000	0.000	0.000	0.000	0.000	0.000	0.000	0.000	0.000	
1.099	0.000	0.000	0.000	0.000	0.000	0.000	0.000	0.000	0.000	
1.103	0.000	0.000	0.000	0.000	0.000	0.000	0.000	0.000	0.000	
1.109	0.000	0.000	0.000	0.000	0.000	0.000	0.000	0.000	0.000	
1.113	0.000	0.000	0.000	0.000	0.000	0.000	0.000	0.000	0.000	
1.118	0.000	0.000	0.000	0.000	0.000	0.000	0.000	0.000	0.000	
1.124	0.000	0.000	0.000	0.000	0.000	0.000	0.000	0.000	0.000	
1.129	0.000	0.000	0.000	0.000	0.000	0.000	0.000	0.000	0.000	
1.133	0.000	0.000	0.000	0.000	0.000	0.000	0.000	0.000	0.000	
1.139	0.000	0.000	0.000	0.000	0.000	0.000	0.000	0.000	0.000	
1.143	0.000	0.000	0.000	0.000	0.000	0.000	0.000	0.000	0.000	
1.148	0.000	0.000	0.000	0.000	0.000	0.000	0.000	0.000	0.000	
1.153	0.000	0.000	0.000	0.000	0.000	0.000	0.000	0.000	0.000	
1.158	0.000	0.000	0.000	0.000	0.000	0.000	0.000	0.000	0.000	
1.163	0.000	0.000	0.000	0.000	0.000	0.000	0.000	0.000	0.000	
1.169	0.000	0.000	0.000	0.000	0.000	0.000	0.000	0.000	0.000	
1.173	0.000	0.000	0.000	0.000	0.000	0.000	0.000	0.000	0.000	
1.179	0.000	0.000	0.000	0.000	0.000	0.000	0.000	0.000	0.000	
1.183	0.000	0.000	0.000	0.000	0.000	0.000	0.000	0.000	0.000	
1.189	0.000	0.000	0.000	0.000	0.000	0.000	0.000	0.000	0.000	
1.194	0.000	0.000	0.000	0.000	0.000	0.000	0.000	0.000	0.000	
1.198	0.000	0.000	0.000	0.000	0.000	0.000	0.000	0.000	0.000	
1.203	0.000	0.000	0.000	0.000	0.000	0.000	0.000	0.000	0.000	
1.208	0.000	0.000	0.000	0.000	0.000	0.000	0.000	0.000	0.000	
1.214	0.000	0.000	0.000	0.000	0.000	0.000	0.000	0.000	0.000	
1.218	0.000	0.000	0.000	0.000	0.000	0.000	0.000	0.000	0.000	
1.224	0.000	0.000	0.000	0.000	0.000	0.000	0.000	0.000	0.000	
1.228	0.000	0.000	0.000	0.000	0.000	0.000	0.000	0.000	0.000	
1.234	0.000	0.000	0.000	0.000	0.000	0.000	0.000	0.000	0.000	
1.239	0.000	0.000	0.000	0.000	0.000	0.000	0.000	0.000	0.000	
1.243	0.000	0.000	0.000	0.000	0.000	0.000	0.000	0.000	0.000	
1.249	0.000	0.000	0.000	0.000	0.000	0.000	0.000	0.000	0.000	
1.253	0.000	0.000	0.000	0.000	0.000	0.000	0.000	0.000	0.000	
1.259	0.000	0.000	0.000	0.000	0.000	0.000	0.000	0.000	0.000	
1.263	0.000	0.000	0.000	0.000	0.000	0.000	0.000	0.000	0.000	
1.268	0.000	0.000	0.000	0.000	0.000	0.000	0.000	0.000	0.000	
1.274	0.000	0.000	0.000	0.000	0.000	0.000	0.000	0.000	0.000	
1.279	0.000	0.000	0.000	0.000	0.000	0.000	0.000	0.000	0.000	
1.283	0.000	0.000	0.000	0.000	0.000	0.000	0.000	0.000	0.000	
1.288	0.000	0.000	0.000	0.000	0.000	0.000	0.000	0.000	0.000	
1.294	0.000	0.000	0.000	0.000	0.000	0.000	0.000	0.000	0.000	
1.299	0.000	0.000	0.000	0.000	0.000	0.000	0.000	0.000	0.000	
1.303	0.000	0.000	0.000	0.000	0.000	0.000	0.000	0.000	0.000	
1.308	0.000	0.000	0.000	0.000	0.000	0.000	0.000	0.000	0.000	
1.313	0.000	0.000	0.000	0.000	0.000	0.000	0.000	0.000	0.000	
1.318	0.000	0.000	0.000	0.000	0.000	0.000	0.000	0.000	0.000	
1.324	0.000	0.000	0.000	0.000	0.000	0.000	0.000	0.000	0.000	
1.328	0.000	0.000	0.000	0.000	0.000	0.000	0.000	0.000	0.000	
1.333	0.000	0.000	0.000	0.000	0.000	0.000	0.000	0.000	0.000	
1.338	0.000	0.000	0.000	0.000	0.000	0.000	0.000	0.000	0.000	
1.344	0.000	0.000	0.000	0.000	0.000	0.000	0.000	0.000	0.000	
1.349	0.000	0.000	0.000	0.000	0.000	0.000	0.000	0.000	0.000	
1.353	0.000	0.000	0.000	0.000	0.000	0.000	0.000	0.000	0.000	
1.359	0.000	0.000	0.000	0.000	0.000	0.000	0.000	0.000	0.000	
1.363	0.000	0.000	0.000	0.000	0.000	0.000	0.000	0.000	0.000	
1.368	0.000	0.000	0.000	0.000	0.000	0.000	0.000	0.000	0.000	
1.373	0.000	0.000	0.000	0.000	0.000	0.000	0.000	0.000	0.000	
1.378	0.000	0.000	0.000	0.000	0.000	0.000	0.000	0.000	0.000	
1.383	0.000	0.000	0.000	0.000	0.000	0.000	0.000	0.000	0.000	
1.388	0.000	0.000	0.000	0.000	0.000	0.000	0.000	0.000	0.000	
1.393	0.000	0.000	0.000	0.000	0.000	0.000	0.000	0.000	0.000	
1.398	0.000	0.000	0.000	0.000	0.000	0.000	0.000	0.000	0.000	
1.404	0.000	0.000	0.000	0.000	0.000	0.000	0.000	0.000	0.000	
1.408	0.000	0.000	0.000	0.000	0.000	0.000	0.000	0.000	0.000	
1.413	0.000	0.000	0.000	0.000	0.000	0.000	0.000	0.000	0.000	
1.419	0.000	0.000	0.000	0.000	0.000	0.000	0.000	0.000	0.000	
1.423	0.000	0.000	0.000	0.000	0.000	0.000	0.000	0.000	0.000	
1.428	0.000	0.000	0.000	0.000	0.000	0.000	0.000	0.000	0.000	
1.433	0.000	0.000	0.000	0.000	0.000	0.000	0.000	0.000	0.000	
1.438	0.000	0.000	0.000	0.000	0.000	0.000	0.000	0.000	0.000	
1.443	0.000	0.000	0.000	0.000	0.000	0.000	0.000	0.000	0.000	
1.448	0.000	0.000	0.000	0.000	0.000	0.000	0.000	0.000	0.000	
1.454	0.000	0.000	0.000	0.000	0.000	0.000	0.000	0.000	0.000	
1.458	0.000	0.000	0.000	0.000	0.000	0.000	0.000	0.000	0.000	
1.463	0.000	0.000	0.000	0.000	0.000	0.000	0.000	0.000	0.000	
1.469	0.000	0.000	0.000	0.000	0.000	0.000	0.000	0.000	0.000	
1.473	0.000	0.000	0.000	0.000	0.000	0.000	0.000	0.000	0.000	
1.478	0.000	0.000	0.000	0.000	0.000	0.000	0.000	0.000	0.000	
1.484	0.000	0.000	0.000	0.000	0.000	0.000	0.000	0.000	0.000	
1.488	0.000	0.000	0.000	0.000	0.000	0.000	0.000	0.000	0.000	
1.494	0.000	0.000	0.000	0.000	0.000	0.000	0.000	0.000	0.000	
1.498	0.000	0.000	0.000	0.000	0.000	0.000	0.000	0.000	0.000	
1.504	0.000	0.000	0.000	0.000	0.000	0.000	0.000	0.000	0.000	
1.508	0.000	0.000	0.000	0.000	0.000	0.000	0.000	0.000	0.000	
1.513	0.000	0.000	0.000	0.000	0.000	0.000	0.000	0.000	0.000	
1.519	0.000	0.000	0.000	0.000	0.000	0.000	0.000	0.000	0.000	
1.523	0.000	0.000	0.000	0.000	0.000	0.000	0.000	0.000	0.000	
1.528	0.000	0.000	0.000	0.000	0.000	0.000	0.000	0.000	0.000	
1.534	0.000	0.000	0.000	0.000	0.000	0.000	0.000	0.000	0.000	
1.539	0.000	0.000	0.000	0.000	0.000	0.000	0.000	0.000	0.000	
1.544	0.000	0.000	0.000	0.000	0.000	0.000	0.000	0.000	0.000	
1.548	0.000	0.000	0.000	0.000	0.000	0.000	0.000	0.000	0.000	
1.553	0.000	0.000	0.000	0.000	0.000	0.000	0.000	0.000	0.000	
1.558	0.000	0.000	0.000	0.000	0.000	0.000	0.000	0.000	0.000	
1.564	0.000	0.000	0.000	0.000	0.000	0.000	0.000	0.000	0.000	
1.568	0.000	0.000	0.000	0.000	0.000	0.000	0.000	0.000	0.000	
1.574	0.000	0.000	0.000	0.000	0.000	0.000	0.000	0.000	0.000	
1.579	0.000	0.000	0.000	0.000	0.000	0.000	0.000	0.000	0.000	
1.583	0.000	0.000	0.000	0.000	0.000	0.000	0.000	0.000	0.000	
1.589	0.000	0.000	0.000	0.000	0.000	0.000	0.000	0.000	0.000	
1.593	0.000	0.000	0.000	0.000	0.000	0.000	0.000	0.000	0.000	
1.598	0.000	0.000	0.000	0.000	0.000	0.000	0.000	0.000	0.000	
1.604	0.000	0.000	0.000	0.000	0.000	0.000	0.000	0.000	0.000	
1.608	0.000	0.000	0.000	0.000	0.000	0.000	0.000	0.000	0.000	
1.613	0.000	0.000	0.000	0.000	0.000	0.000	0.000	0.000	0.000	
1.618	0.000	0.000	0.000	0.000	0.000	0.000	0.000	0.000	0.000	
1.624	0.000	0.000	0.000	0.000	0.000	0.000	0.000	0.000	0.000	
1.628	0.000	0.000	0.000	0.000	0.000	0.000	0.000	0.000	0.000	
1.634	0.000	0.000	0.000	0.000	0.000	0.000	0.000	0.000	0.000	
1.639	0.000	0.000	0.000	0.000	0.000	0.000	0.000	0.000	0.000	
1.643	0.000	0.000	0.000	0.000	0.000	0.000	0.000	0.000	0.000	
1.649	0.000	0.000	0.000	0.000	0.000	0.000	0.000	0.000	0.000	
1.654	0.000	0.000	0.000	0.000	0.000	0.000	0.000	0.000	0.000	
1.659	0.000	0.000	0.000	0.000	0.000	0.000	0.000	0.000	0.000	
1.664	0.000	0.000	0.000	0.000	0.000	0.000	0.000	0.000	0.000	
1.669	0.000	0.000	0.000	0.000	0.000	0.000	0.000	0.000	0.000	
1.673	0.000	0.000	0.000	0.000	0.000	0.000	0.000	0.000	0.000	
1.678	0.000	0.000	0.000	0.000	0.000	0.000	0.000	0.000	0.000	
1.684	0.000	0.000	0.000	0.000	0.000	0.000	0.000	0.000	0.000	
1.689	0.000	0.000	0.000	0.000	0.000	0.000	0.000	0.000	0.000	
1.693	0.000	0.000	0.000	0.000	0.000	0.000	0.000	0.000	0.000	
1.698	0.000	0.000	0.000	0.000	0.000	0.000	0.000	0.000	0.000	
1.704	0.000	0.000	0.000	0.000	0.000	0.000	0.000	0.000	0.000	
1.709	0.000	0.000	0.000	0.000	0.000	0.000	0.000	0.000	0.000	
1.714	0.000	0.000	0.000	0.000	0.000	0.000	0.000	0.000	0.000	
1.719	0.000	0.000	0.000	0.000	0.000	0.000	0.000	0.000	0.000	
1.723	0.000	0.000	0.000	0.000	0.000	0.000	0.000	0.000	0.000	
1.728	0.000	0.000	0.000	0.000	0.000	0.000	0.000	0.000	0.000	
1.733	0.000	0.000	0.000	0.000	0.000	0.000	0.000	0.000	0.000	
1.739	0.000	0.000	0.000	0.000	0.000	0.000	0.000	0.000	0.000	
1.744	0.000	0.000	0.000	0.000	0.000	0.000	0.000	0.000	0.000	
1.748	0.000	0.000	0.000	0.000	0.000	0.000	0.000	0.000	0.000	
1.753	0.000	0.000	0.000	0.000	0.000	0.000	0.000	0.000	0.000	
1.759	0.000	0.000	0.000	0.000	0.000	0.000	0.000	0.000	0.000	
1.764	0.000	0.000	0.000	0.000	0.000	0.000	0.000	0.000	0.000	
1.769	0.000	0.000	0.000	0.000	0.000	0.000	0.000	0.000	0.000	
1.773	0.000	0.000	0.000	0.000	0.000	0.000	0.000	0.000	0.000	
1.778	0.000	0.000	0.000	0.000	0.000	0.000	0.000	0.000	0.000	
1.783	0.000	0.000	0.000	0.000	0.000	0.000	0.000	0.000	0.000	
1.789	0.000	0.000	0.000	0.000	0.000	0.000	0.000	0.000	0.000	
1.793	0.000	0.000	0.000	0.000	0.000	0.000	0.000	0.000	0.000	
1.798	0.000	0.000	0.000	0.000	0.000	0.000	0.000	0.000	0.000	
1.804	0.000	0.000	0.000	0.000	0.000	0.000	0.000	0.000	0.000	
1.808	0.000	0.000	0.000	0.000	0.000	0.000	0.000	0.000	0.000	
1.814	0.000	0.000	0.000	0.000	0.000	0.000	0.000	0.000	0.000	
1.818	0.000	0.000	0.000	0.000	0.000	0.000	0.000	0.000	0.000	
1.824	0.000	0.000	0.000	0.000	0.000	0.000	0.000	0.000	0.000	
1.828	0.000	0.000	0.000	0.000	0.000	0.000	0.000	0.000	0.000	
1.834	0.000	0.000	0.000	0.000	0.000	0.000	0.000	0.000	0.000	
1.838	0.000	0.000	0.000	0.000	0.000	0.000	0.000	0.000	0.000	
1.844	0.000	0.000	0.000	0.000	0.000	0.000	0.000	0.000	0.000	
1.848	0.000	0.000	0.000	0.000	0.000	0.000	0.000	0.000	0.000	
1.854	0.000	0.000	0.000	0.000	0.000	0.000	0.000	0.000	0.000	
1.858	0.000	0.000	0.000	0.000	0.000	0.000	0.000	0.000	0.000	
1.863	0.000	0.000	0.000	0.000	0.000	0.000	0.000	0.000	0.000	
1.869	0.000	0.000	0.000	0.000	0.000	0.000	0.000	0.000	0.000	
1.873	0.000	0.000	0.000	0.000	0.000	0.000	0.000	0.000	0.000	
1.879	0.000	0.000	0.000	0.000	0.000	0.000	0.000	0.000	0.000	
1.883	0.000	0.000	0.000	0.000	0.000	0.000	0.000	0.000	0.000	
1.889	0.000	0.000	0.000	0.000	0.000	0.000	0.000	0.000	0.000	
1.894	0.000	0.000	0.000	0.000	0.000	0.000	0.000	0.000	0.000	
1.899	0.000	0.000	0.000	0.000	0.000	0.000	0.000	0.000	0.000	
1.904	0.000	0.000	0.000	0.000	0.000	0.000	0.000	0.000	0.000	
1.908	0.000	0.000	0.000	0.000	0.000	0.000	0.000	0.000	0.000	
1.914	0.000	0.000	0.000	0.000	0.000	0.000	0.000	0.000	0.000	
1.918	0.000	0.000	0.000	0.000	0.000	0.000	0.000	0.000	0.000	
1.924	0.000	0.000	0.000	0.000	0.000	0.000	0.000	0.000	0.000	
1.928	0.000	0.000	0.000	0.000	0.000	0.000	0.000	0.000	0.000	
1.933	0.000	0.000	0.000	0.000	0.000	0.000	0.000	0.000	0.000	
1.939	0.000	0.000	0.000	0.000	0.000	0.000	0.000	0.000	0.000	
1.943	0.000	0.000	0.000	0.000	0.000	0.000	0.000	0.000	0.000	
1.949	0.000	0.000	0.000	0.000	0.000	0.000	0.000	0.000	0.000	
1.953	0.000	0.000	0.000	0.000	0.000	0.000	0.000	0.000	0.000	
1.959	0.000	0.000	0.000	0.000	0.000	0.000	0.000	0.000	0.000	
1.963	0.000	0.000	0.000	0.000	0.000	0.000	0.000	0.000	0.000	
1.968	0.000	0.000	0.000	0.000	0.000	0.000	0.000	0.000	0.000	
1.974	0.000	0.000	0.000	0.000	0.000	0.000	0.000	0.000	0.000	
1.978	0.000	0.000	0.000	0.000	0.000	0.000	0.000	0.000	0.000	
1.984	0.000	0.000	0.000	0.000	0.000	0.000	0.000	0.000	0.000	
1.989	0.000	0.000	0.000	0.000	0.000	0.000	0.000	0.000	0.000	
1.994	0.000	0.000	0.000	0.000	0.000	0.000	0.000	0.000	0.000	
1.999	0.000	0.000	0.000	0.000	0.000	0.000	0.000	0.000	0.000	
2.004	0.000	0.000	0.000	0.000	0.000	0.000	0.000	0.000	0.000	
2.008	0.000	0.000	0.000	0.000	0.000	0.000	0.000	0.000	0.000	
2.014	0.000	0.000	0.000	0.000	0.000	0.000	0.000	0.000	0.000	
2.018	0.000	0.000	0.000	0.000	0.000	0.000	0.000	0.000	0.000	
2.023	0.000	0.000	0.000	0.000	0.000	0.000	0.000	0.000	0.000	
2.028	0.000	0.000	0.000	0.000	0.000	0.000	0.000	0.000	0.000	
2.033	0.000	0.000	0.000	0.000	0.000	0.000	0.000	0.000	0.000	
2.039	0.000	0.000	0.000	0.000	0.000	0.000	0.000	0.000	0.000	
2.044	0.000	0.000	0.000	0.000	0.000	0.000	0.000	0.000	0.000	
2.048	0.000	0.000	0.000	0.000	0.000	0.000	0.000	0.000	0.000	
2.054	0.000	0.000	0.000	0.000	0.000	0.000	0.000	0.000	0.000	
2.058	0.000	0.000	0.000	0.000	0.000	0.000	0.000	0.000	0.000	
2.064	0.000	0.000	0.000	0.000	0.000	0.000	0.000	0.000	0.000	
2.068	0.000	0.000	0.000	0.000	0.000	0.000	0.000	0.000	0.000	
2.074	0.000	0.000	0.000	0.000	0.000	0.000	0.000	0.000	0.000	
2.079	0.000	0.000	0.000	0.000	0.000	0.000	0.000	0.000	0.000	
2.083	0.000	0.000	0.000	0.000	0.000	0.000	0.000	0.000	0.000	
2.088	0.000	0.000	0.000	0.000	0.000	0.000	0.000	0.000	0.000	
2.093	0.000	0.000	0.000	0.000	0.000	0.000	0.000	0.000	0.000	
2.099	0.000	0.000	0.000	0.000	0.000	0.000	0.000	0.000	0.000	
2.103	0.000	0.000	0.000	0.000	0.000	0.000	0.000	0.000	0.000	
2.108	0.000	0.000	0.000	0.000	0.000	0.000	0.000	0.000	0.000	
2.114	0.000	0.000	0.000	0.000	0.000	0.000	0.000	0.000	0.000	
2.118	0.000	0.000	0.000	0.000	0.000	0.000	0.000	0.000	0.000	
2.124	0.000	0.000	0.000	0.000	0.000	0.000	0.000	0.000	0.000	
2.128	0.000	0.000	0.000	0.000	0.000	0.000	0.000	0.000	0.000	
2.134	0.000	0.000	0.000	0.000	0.000	0.000	0.000	0.000	0.000	
2.138	0.000	0.000	0.000	0.000	0.000	0.000	0.000	0.000	0.000	
2.143	0.000	0.000	0.000	0.000	0.000	0.000	0.000	0.000	0.000	
2.148	0.000	0.000	0.000	0.000	0.000	0.000	0.000	0.000	0.000	
2.153	0.000	0.000	0.000	0.000	0.000	0.000	0.000	0.000	0.000	
2.158	0.000	0.000	0.000	0.000	0.000	0.000	0.000	0.000	0.000	
2.164	0.000	0.000	0.000	0.000	0.000	0.000	0.000	0.000	0.000	
2.168	0.000	0.000	0.000	0.000	0.000	0.000	0.000	0.000	0.000	
2.173	0.000	0.000	0.000	0.000	0.000	0.000	0.000	0.000	0.000	
2.178	0.000	0.000	0.000	0.000	0.000	0.000	0.000	0.000	0.000	
2.184	0.000	0.000	0.000	0.000	0.000	0.000	0.000	0.000	0.000	
2.189	0.000	0.000	0.000	0.000	0.000	0.000	0.000	0.000	0.000	
2.194	0.000	0.000	0.000	0.000	0.000	0.000	0.000	0.000	0.000	
2.199	0.000	0.000	0.000	0.000	0.000	0.000	0.000	0.000	0.000	
2.203	0.000	0.000	0.000	0.000	0.000	0.000	0.000	0.000	0.000	
2.208	0.000	0.000	0.000	0.000	0.000	0.000	0.000	0.000	0.000	
2.214	0.000	0.000	0.000	0.000	0.000	0.000	0.000	0.000	0.000	
2.219	0.000	0.000	0.000	0.000	0.000	0.000	0.000	0.000	0.000	
2.223	0.000	0.000	0.000	0.000	0.000	0.000	0.000	0.000	0.000	
2.228	0.000	0.000	0.000	0.000	0.000	0.000	0.000	0.000	0.000	
2.233	0.000	0.000	0.000	0.000	0.000	0.000	0.000	0.000	0.000	
2.238	0.000	0.000	0.000	0.000	0.000	0.000	0.000	0.000	0.000	
2.243	0.000	0.000	0.000	0.000	0.000	0.000	0.000	0.000	0.000	
2.248	0.000	0.000	0.000	0.000	0.000	0.000	0.000	0.000	0.000	
2.253	0.000	0.000	0.000	0.000	0.000	0.000	0.000	0.000	0.000	
2.258	0.000	0.000	0.000	0.000	0.000	0.000	0.000	0.000	0.000	
2.264	0.000	0.000	0.000	0.000	0.000	0.000	0.000	0.000	0.000	
2.268	0.000	0.000	0.000	0.000	0.000	0.000	0.000	0.000	0.000	
2.274	0.000	0.000	0.000	0.000	0.000	0.000	0.000	0.000	0.000	
2.278	0.000	0.000	0.000	0.000	0.000	0.000	0.000	0.000	0.000	
2.283	0.000	0.000	0.000	0.000	0.000	0.000	0.000	0.000	0.000	
2.288	0.000	0.000	0.000	0.000	0.000	0.000	0.000	0.000	0.000	
2.293	0.000	0.000	0.000	0.000	0.000	0.000	0.000	0.000	0.000	
2.299	0.000	0.000	0.000	0.000	0.000	0.000	0.000	0.000	0.000	
2.304	0.000	0.000	0.000	0.000	0.000	0.000	0.000	0.000	0.000	
2.308	0.000	0.000	0.000	0.000	0.000	0.000	0.000	0.000	0.000	
2.314	0.000	0.000	0.000	0.000	0.000	0.000	0.000	0.000	0.000	
2.318	0.000	0.000	0.000	0.000	0.000	0.000	0.000	0.000	0.000	
2.323	0.000	0.000	0.000	0.000	0.000	0.000	0.000	0.000	0.000	
2.329	0.000	0.000	0.000	0.000	0.000	0.000	0.000	0.000	0.000	
2.333	0.000	0.000	0.000	0.000	0.000	0.000	0.000	0.000	0.000	
2.338	0.000	0.000	0.000	0.000	0.000	0.000	0.000	0.000	0.000	
2.343	0.000	0.000	0.000	0.000	0.000	0.000	0.000	0.000	0.000	
2.348	0.000	0.000	0.000	0.000	0.000	0.000	0.000	0.000	0.000	
2.354	0.000	0.000	0.000	0.000	0.000	0.000	0.000	0.000	0.000	
2.358	0.000	0.000	0.000	0.000	0.000	0.000	0.000	0.000	0.000	
2.364	0.000	0.000	0.000	0.000	0.000	0.000	0.000	0.000	0.000	
2.368	0.000	0.000	0.000	0.000	0.000	0.000	0.000	0.000	0.000	
2.373	0.000	0.000	0.000	0.000	0.000	0.000	0.000	0.000	0.000	
2.379	0.000	0.000	0.000	0.000	0.000	0.000	0.000	0.000	0.000	
2.383	0.000	0.000	0.000	0.000	0.000	0.000	0.000	0.000	0.000	
2.388	0.000	0.000	0.000	0.000	0.000	0.000	0.000	0.000	0.000	
2.394	0.000	0.000	0.000	0.000	0.000	0.000	0.000	0.000	0.000	
2.398	0.000	0.000	0.000	0.000	0.000	0.000	0.000	0.000	0.000	
2.403	0.000	0.000	0.000	0.000	0.000	0.000	0.000	0.000	0.000	
2.408	0.000	0.000	0.000	0.000	0.000	0.000	0.000	0.000	0.000	
2.413	0.000	0.000	0.000	0.000	0.000	0.000	0.000	0.000	0.000	
2.419	0.000	0.000	0.000	0.000	0.000	0.000	0.000	0.000	0.000	
2.424	0.000	0.000	0.000	0.000	0.000	0.000	0.000	0.000	0.000	
2.428	0.000	0.000	0.000	0.000	0.000	0.000	0.000	0.000	0.000	
2.434	0.000	0.000	0.000	0.000	0.000	0.000	0.000	0.000	0.000	
2.439	0.000	0.000	0.000	0.000	0.000	0.000	0.000	0.000	0.000	
2.443	0.000	0.000	0.000	0.000	0.000	0.000	0.000	0.000	0.000	
2.448	0.000	0.000	0.000	0.000	0.000	0.000	0.000	0.000	0.000	
2.453	0.000	0.000	0.000	0.000	0.000	0.000	0.000	0.000	0.000	
2.458	0.000	0.000	0.000	0.000	0.000	0.000	0.000	0.000	0.000	
2.463	0.000	0.000	0.000	0.000	0.000	0.000	0.000	0.000	0.000	
2.468	0.000	0.000	0.000	0.000	0.000	0.000	0.000	0.000	0.000	
2.473	0.000	0.000	0.000	0.000	0.000	0.000	0.000	0.000	0.000	
2.478	0.000	0.000	0.000	0.000	0.000	0.000	0.000	0.000	0.000	
2.484	0.000	0.000	0.000	0.000	0.000	0.000	0.000	0.000	0.000	
2.489	0.000	0.000	0.000	0.000	0.000	0.000	0.000	0.000	0.000	
2.493	0.000	0.000	0.000	0.000	0.000	0.000	0.000	0.000	0.000	
2.498	0.000	0.000	0.000	0.000	0.000	0.000	0.000	0.000	0.000	
2.504	0.000	0.000	0.000	0.000	0.000	0.000	0.000	0.000	0.000	
2.508	0.000	0.000	0.000	0.000	0.000	0.000	0.000	0.000	0.000	
2.513	0.000	0.000	0.000	0.000	0.000	0.000	0.000	0.000	0.000	
2.519	0.000	0.000	0.000	0.000	0.000	0.000	0.000	0.000	0.000	
2.523	0.000	0.000	0.000	0.000	0.000	0.000	0.000	0.000	0.000	
2.529	0.000	0.000	0.000	0.000	0.000	0.000	0.000	0.000	0.000	
2.533	0.000	0.000	0.000	0.000	0.000	0.000	0.000	0.000	0.000	
2.538	0.000	0.000	0.000	0.000	0.000	0.000	0.000	0.000	0.000	
2.544	0.000	0.000	0.000	0.000	0.000	0.000	0.000	0.000	0.000	
2.548	0.000	0.000	0.000	0.000	0.000	0.000	0.000	0.000	0.000	
2.553	0.000	0.000	0.000	0.000	0.000	0.000	0.000	0.000	0.000	
2.558	0.000	0.000	0.000	0.000	0.000	0.000	0.000	0.000	0.000	
2.564	0.000	0.000	0.000	0.000	0.000	0.000	0.000	0.000	0.000	
2.569	0.000	0.000	0.000	0.000	0.000	0.000	0.000	0.000	0.000	
2.573	0.000	0.000	0.000	0.000	0.000	0.000	0.000	0.000	0.000	
2.579	0.000	0.000	0.000	0.000	0.000	0.000	0.000	0.000	0.000	
2.583	0.000	0.000	0.000	0.000	0.000	0.000	0.000	0.000	0.000	
2.588	0.000	0.000	0.000	0.000	0.000	0.000	0.000	0.000	0.000	
2.594	0.000	0.000	0.000	0.000	0.000	0.000	0.000	0.000	0.000	
2.598	0.000	0.000	0.000	0.000	0.000	0.000	0.000	0.000	0.000	
2.603	0.000	0.000	0.000	0.000	0.000	0.000	0.000	0.000	0.000	
2.609	0.000	0.000	0.000	0.000	0.000	0.000	0.000	0.000	0.000	
2.613	0.000	0.000	0.000	0.000	0.000	0.000	0.000	0.000	0.000	
2.618	0.000	0.000	0.000	0.000	0.000	0.000	0.000	0.000	0.000	
2.624	0.000	0.000	0.000	0.000	0.000	0.000	0.000	0.000	0.000	
2.629	0.000	0.000	0.000	0.000	0.000	0.000	0.000	0.000	0.000	
2.634	0.000	0.000	0.000	0.000	0.000	0.000	0.000	0.000	0.000	
2.639	0.000	0.000	0.000	0.000	0.000	0.000	0.000	0.000	0.000	
2.643	0.000	0.000	0.000	0.000	0.000	0.000	0.000	0.000	0.000	
2.649	0.000	0.000	0.000	0.000	0.000	0.000	0.000	0.000	0.000	
2.653	0.000	0.000	0.000	0.000	0.000	0.000	0.000	0.000	0.000	
2.659	0.000	0.000	0.000	0.000	0.000	0.000	0.000	0.000	0.000	
2.664	0.000	0.000	0.000	0.000	0.000	0.000	0.000	0.000	0.000	
2.668	0.000	0.000	0.000	0.000	0.000	0.000	0.000	0.000	0.000	
2.674	0.000	0.000	0.000	0.000	0.000	0.000	0.000	0.000	0.000	
2.679	0.000	0.000	0.000	0.000	0.000	0.000	0.000	0.000	0.000	
2.683	0.000	0.000	0.000	0.000	0.000	0.000	0.000	0.000	0.000	
2.689	0.000	0.000	0.000	0.000	0.000	0.000	0.000	0.000	0.000	
2.694	0.000	0.000	0.000	0.000	0.000	0.000	0.000	0.000	0.000	
2.698	0.000	0.000	0.000	0.000	0.000	0.000	0.000	0.000	0.000	
2.703	0.000	0.000	0.000	0.000	0.000	0.000	0.000	0.000	0.000	
2.709	0.000	0.000	0.000	0.000	0.000	0.000	0.000	0.000	0.000	
2.714	0.000	0.000	0.000	0.000	0.000	0.000	0.000	0.000	0.000	
2.718	0.000	0.000	0.000	0.000	0.000	0.000	0.000	0.000	0.000	
2.724	0.000	0.000	0.000	0.000	0.000	0.000	0.000	0.000	0.000	
2.728	0.000	0.000	0.000	0.000	0.000	0.000	0.000	0.000	0.000	
2.734	0.000	0.000	0.000	0.000	0.000	0.000	0.000	0.000	0.000	
2.739	0.000	0.000	0.000	0.000	0.000	0.000	0.000	0.000	0.000	
2.744	0.000	0.000	0.000	0.000	0.000	0.000	0.000	0.000	0.000	
2.748	0.000	0.000	0.000	0.000	0.000	0.000	0.000	0.000	0.000	
2.753	0.000	0.000	0.000	0.000	0.000	0.000	0.000	0.000	0.000	
2.758	0.000	0.000	0.000	0.000	0.000	0.000	0.000	0.000	0.000	
2.764	0.000	0.000	0.000	0.000	0.000	0.000	0.000	0.000	0.000	
2.768	0.000	0.000	0.000	0.000	0.000	0.000	0.000	0.000	0.000	
2.774	0.000	0.000	0.000	0.000	0.000	0.000	0.000	0.000	0.000	
2.778	0.000	0.000	0.000	0.000	0.000	0.000	0.000	0.000	0.000	
2.784	0.000	0.000	0.000	0.000	0.000	0.000	0.000	0.000	0.000	
2.788	0.000	0.000	0.000	0.000	0.000	0.000	0.000	0.000	0.000	
2.794	0.000	0.000	0.000	0.000	0.000	0.000	0.000	0.000	0.000	
2.798	0.000	0.000	0.000	0.000	0.000	0.000	0.000	0.000	0.000	
2.804	0.000	0.000	0.000	0.000	0.000	0.000	0.000	0.000	0.000	
2.808	0.000	0.000	0.000	0.000	0.000	0.000	0.000	0.000	0.000	
2.814	0.000	0.000	0.000	0.000	0.000	0.000	0.000	0.000	0.000	
2.818	0.000	0.000	0.000	0.000	0.000	0.000	0.000	0.000	0.000	
2.824	0.000	0.000	0.000	0.000	0.000	0.000	0.000	0.000	0.000	
2.828	0.000	0.000	0.000	0.000	0.000	0.000	0.000	0.000	0.000	
2.833	0.000	0.000	0.000	0.000	0.000	0.000	0.000	0.000	0.000	
2.839	0.000	0.000	0.000	0.000	0.000	0.000	0.000	0.000	0.000	
2.843	0.000	0.000	0.000	0.000	0.000	0.000	0.000	0.000	0.000	
2.849	0.000	0.000	0.000	0.000	0.000	0.000	0.000	0.000	0.000	
2.853	0.000	0.000	0.000	0.000	0.000	0.000	0.000	0.000	0.000	
2.858	0.000	0.000	0.000	0.000	0.000	0.000	0.000	0.000	0.000	
2.863	0.000	0.000	0.000	0.000	0.000	0.000	0.000	0.000	0.000	
2.868	0.000	0.000	0.000	0.000	0.000	0.000	0.000	0.000	0.000	
2.874	0.000	0.000	0.000	0.000	0.000	0.000	0.000	0.000	0.000	
2.878	0.000	0.000	0.000	0.000	0.000	0.000	0.000	0.000	0.000	
2.883	0.000	0.000	0.000	0.000	0.000	0.000	0.000	0.000	0.000	
2.889	0.000	0.000	0.000	0.000	0.000	0.000	0.000	0.000	0.000	
2.893	0.000	0.000	0.000	0.000	0.000	0.000	0.000	0.000	0.000	
2.898	0.000	0.000	0.000	0.000	0.000	0.000	0.000	0.000	0.000	
2.903	0.000	0.000	0.000	0.000	0.000	0.000	0.000	0.000	0.000	
2.909	0.000	0.000	0.000	0.000	0.000	0.000	0.000	0.000	0.000	
2.914	0.000	0.000	0.000	0.000	0.000	0.000	0.000	0.000	0.000	
2.918	0.000	0.000	0.000	0.000	0.000	0.000	0.000	0.000	0.000	
2.923	0.000	0.000	0.000	0.000	0.000	0.000	0.000	0.000	0.000	
2.928	0.000	0.000	0.000	0.000	0.000	0.000	0.000	0.000	0.000	
2.934	0.000	0.000	0.000	0.000	0.000	0.000	0.000	0.000	0.000	
2.938	0.000	0.000	0.000	0.000	0.000	0.000	0.000	0.000	0.000	
2.944	0.000	0.000	0.000	0.000	0.000	0.000	0.000	0.000	0.000	
2.949	0.000	0.000	0.000	0.000	0.000	0.000	0.000	0.000	0.000	
2.953	0.000	0.000	0.000	0.000	0.000	0.000	0.000	0.000	0.000	
2.959	0.000	0.000	0.000	0.000	0.000	0.000	0.000	0.000	0.000	
2.963	0.000	0.000	0.000	0.000	0.000	0.000	0.000	0.000	0.000	
2.968	0.000	0.000	0.000	0.000	0.000	0.000	0.000	0.000	0.000	
2.974	0.000	0.000	0.000	0.000	0.000	0.000	0.000	0.000	0.000	
2.979	0.000	0.000	0.000	0.000	0.000	0.000	0.000	0.000	0.000	
2.983	0.000	0.000	0.000	0.000	0.000	0.000	0.000	0.000	0.000	
2.989	0.000	0.000	0.000	0.000	0.000	0.000	0.000	0.000	0.000	
2.993	0.000	0.000	0.000	0.000	0.000	0.000	0.000	0.000	0.000	
2.998	0.000	0.000	0.000	0.000	0.000	0.000	0.000	0.000	0.000	
3.003	0.000	0.000	0.000	0.000	0.000	0.000	0.000	0.000	0.000	
3.008	0.000	0.000	0.000	0.000	0.000	0.000	0.000	0.000	0.000	
3.013	0.000	0.000	0.000	0.000	0.000	0.000	0.000	0.000	0.000	
3.018	0.000	0.000	0.000	0.000	0.000	0.000	0.000	0.000	0.000	
3.024	0.000	0.000	0.000	0.000	0.000	0.000	0.000	0.000	0.000	
3.029	0.000	0.000	0.000	0.000	0.000	0.000	0.000	0.000	0.000	
3.033	0.000	0.000	0.000	0.000	0.000	0.000	0.000	0.000	0.000	
3.038	0.000	0.000	0.000	0.000	0.000	0.000	0.000	0.000	0.000	
3.044	0.000	0.000	0.000	0.000	0.000	0.000	0.000	0.000	0.000	
3.048	0.000	0.000	0.000	0.000	0.000	0.000	0.000	0.000	0.000	
3.053	0.000	0.000	0.000	0.000	0.000	0.000	0.000	0.000	0.000	
3.059	0.000	0.000	0.000	0.000	0.000	0.000	0.000	0.000	0.000	
3.063	0.000	0.000	0.000	0.000	0.000	0.000	0.000	0.000	0.000	
3.069	0.000	0.000	0.000	0.000	0.000	0.000	0.000	0.000	0.000	
3.073	0.000	0.000	0.000	0.000	0.000	0.000	0.000	0.000	0.000	
3.079	0.000	0.000	0.000	0.000	0.000	0.000	0.000	0.000	0.000	
3.084	0.000	0.000	0.000	0.000	0.000	0.000	0.000	0.000	0.000	
3.088	0.000	0.000	0.000	0.000	0.000	0.000	0.000	0.000	0.000	
3.093	0.000	0.000	0.000	0.000	0.000	0.000	0.000	0.000	0.000	
3.098	0.000	0.000	0.000	0.000	0.000	0.000	0.000	0.000	0.000	
3.104	0.000	0.000	0.000	0.000	0.000	0.000	0.000	0.000	0.000	
3.108	0.000	0.000	0.000	0.000	0.000	0.000	0.000	0.000	0.000	
3.114	0.000	0.000	0.000	0.000	0.000	0.000	0.000	0.000	0.000	
3.119	0.000	0.000	0.000	0.000	0.000	0.000	0.000	0.000	0.000	
3.124	0.000	0.000	0.000	0.000	0.000	0.000	0.000	0.000	0.000	
3.128	0.000	0.000	0.000	0.000	0.000	0.000	0.000	0.000	0.000	
3.133	0.000	0.000	0.000	0.000	0.000	0.000	0.000	0.000	0.000	
3.138	0.000	0.000	0.000	0.000	0.000	0.000	0.000	0.000	0.000	
3.143	0.000	0.000	0.000	0.000	0.000	0.000	0.000	0.000	0.000	
3.149	0.000	0.000	0.000	0.000	0.000	0.000	0.000	0.000	0.000	
3.154	0.000	0.000	0.000	0.000	0.000	0.000	0.000	0.000	0.000	
3.159	0.000	0.000	0.000	0.000	0.000	0.000	0.000	0.000	0.000	
3.163	0.000	0.000	0.000	0.000	0.000	0.000	0.000	0.000	0.000	
3.169	0.000	0.000	0.000	0.000	0.000	0.000	0.000	0.000	0.000	
3.173	0.000	0.000	0.000	0.000	0.000	0.000	0.000	0.000	0.000	
3.178	0.000	0.000	0.000	0.000	0.000	0.000	0.000	0.000	0.000	
3.184	0.000	0.000	0.000	0.000	0.000	0.000	0.000	0.000	0.000	
3.188	0.000	0.000	0.000	0.000	0.000	0.000	0.000	0.000	0.000	
3.194	0.000	0.000	0.000	0.000	0.000	0.000	0.000	0.000	0.000	
3.199	0.000	0.000	0.000	0.000	0.000	0.000	0.000	0.000	0.000	
3.204	0.000	0.000	0.000	0.000	0.000	0.000	0.000	0.000	0.000	
3.208	0.000	0.000	0.000	0.000	0.000	0.000	0.000	0.000	0.000	
3.214	0.000	0.000	0.000	0.000	0.000	0.000	0.000	0.000	0.000	
3.219	0.000	0.000	0.000	0.000	0.000	0.000	0.000	0.000	0.000	
3.224	0.000	0.000	0.000	0.000	0.000	0.000	0.000	0.000	0.000	
3.228	0.000	0.000	0.000	0.000	0.000	0.000	0.000	0.000	0.000	
3.234	0.000	0.000	0.000	0.000	0.000	0.000	0.000	0.000	0.000	
3.238	0.000	0.000	0.000	0.000	0.000	0.000	0.000	0.000	0.000	
3.244	0.000	0.000	0.000	0.000	0.000	0.000	0.000	0.000	0.000	
3.248	0.000	0.000	0.000	0.000	0.000	0.000	0.000	0.000	0.000	
3.253	0.000	0.000	0.000	0.000	0.000	0.000	0.000	0.000	0.000	
3.259	0.000	0.000	0.000	0.000	0.000	0.000	0.000	0.000	0.000	
3.263	0.000	0.000	0.000	0.000	0.000	0.000	0.000	0.000	0.000	
3.268	0.000	0.000	0.000	0.000	0.000	0.000	0.000	0.000	0.000	
3.274	0.000	0.000	0.000	0.000	0.000	0.000	0.000	0.000	0.000	
3.279	0.000	0.000	0.000	0.000	0.000	0.000	0.000	0.000	0.000	
3.283	0.000	0.000	0.000	0.000	0.000	0.000	0.000	0.000	0.000	
3.288	0.000	0.000	0.000	0.000	0.000	0.000	0.000	0.000	0.000	
3.294	0.000	0.000	0.000	0.000	0.000	0.000	0.000	0.000	0.000	
3.298	0.000	0.000	0.000	0.000	0.000	0.000	0.000	0.000	0.000	
3.303	0.000	0.000	0.000	0.000	0.000	0.000	0.000	0.000	0.000	
3.309	0.000	0.000	0.000	0.000	0.000	0.000	0.000	0.000	0.000	
3.313	0.000	0.000	0.000	0.000	0.000	0.000	0.000	0.000	0.000	
3.319	0.000	0.000	0.000	0.000	0.000	0.000	0.000	0.000	0.000	
3.323	0.000	0.000	0.000	0.000	0.000	0.000	0.000	0.000	0.000	
3.329	0.000	0.000	0.000	0.000	0.000	0.000	0.000	0.000	0.000	
3.333	0.000	0.000	0.000	0.000	0.000	0.000	0.000	0.000	0.000	
3.338	0.000	0.000	0.000	0.000	0.000	0.000	0.000	0.000	0.000	
3.344	0.000	0.000	0.000	0.000	0.000	0.000	0.000	0.000	0.000	
3.349	0.000	0.000	0.000	0.000	0.000	0.000	0.000	0.000	0.000	
3.353	0.000	0.000	0.000	0.000	0.000	0.000	0.000	0.000	0.000	
3.359	0.000	0.000	0.000	0.000	0.000	0.000	0.000	0.000	0.000	
3.363	0.000	0.000	0.000	0.000	0.000	0.000	0.000	0.000	0.000	
3.369	0.000	0.000	0.000	0.000	0.000	0.000	0.000	0.000	0.000	
3.373	0.000	0.000	0.000	0.000	0.000	0.000	0.000	0.000	0.000	
3.379	0.000	0.000	0.000	0.000	0.000	0.000	0.000	0.000	0.000	
3.384	0.000	0.000	0.000	0.000	0.000	0.000	0.000	0.000	0.000	
3.388	0.000	0.000	0.000	0.000	0.000	0.000	0.000	0.000	0.000	
3.394	0.000	0.000	0.000	0.000	0.000	0.000	0.000	0.000	0.000	
3.398	0.000	0.000	0.000	0.000	0.000	0.000	0.000	0.000	0.000	
3.404	0.000	0.000	0.000	0.000	0.000	0.000	0.000	0.000	0.000	
3.408	0.000	0.000	0.000	0.000	0.000	0.000	0.000	0.000	0.000	
3.414	0.000	0.000	0.000	0.000	0.000	0.000	0.000	0.000	0.000	
3.419	0.000	0.000	0.000	0.000	0.000	0.000	0.000	0.000	0.000	
3.423	0.000	0.000	0.000	0.000	0.000	0.000	0.000	0.000	0.000	
3.428	0.000	0.000	0.000	0.000	0.000	0.000	0.000	0.000	0.000	
3.433	0.000	0.000	0.000	0.000	0.000	0.000	0.000	0.000	0.000	
3.438	0.000	0.000	0.000	0.000	0.000	0.000	0.000	0.000	0.000	
3.444	0.000	0.000	0.000	0.000	0.000	0.000	0.000	0.000	0.000	
3.449	0.000	0.000	0.000	0.000	0.000	0.000	0.000	0.000	0.000	
3.453	0.000	0.000	0.000	0.000	0.000	0.000	0.000	0.000	0.000	
3.458	0.000	0.000	0.000	0.000	0.000	0.000	0.000	0.000	0.000	
3.464	0.000	0.000	0.000	0.000	0.000	0.000	0.000	0.000	0.000	
3.469	0.000	0.000	0.000	0.000	0.000	0.000	0.000	0.000	0.000	
3.473	0.000	0.000	0.000	0.000	0.000	0.000	0.000	0.000	0.000	
3.478	0.000	0.000	0.000	0.000	0.000	0.000	0.000	0.000	0.000	
3.483	0.000	0.000	0.000	0.000	0.000	0.000	0.000	0.000	0.000	
3.489	0.000	0.000	0.000	0.000	0.000	0.000	0.000	0.000	0.000	
3.493	0.000	0.000	0.000	0.000	0.000	0.000	0.000	0.000	0.000	
3.499	0.000	0.000	0.000	0.000	0.000	0.000	0.000	0.000	0.000	
3.504	0.000	0.000	0.000	0.000	0.000	0.000	0.000	0.000	0.000	
3.509	0.000	0.000	0.000	0.000	0.000	0.000	0.000	0.000	0.000	
3.514	0.000	0.000	0.000	0.000	0.000	0.000	0.000	0.000	0.000	
3.519	0.000	0.000	0.000	0.000	0.000	0.000	0.000	0.000	0.000	
3.523	0.000	0.000	0.000	0.000	0.000	0.000	0.000	0.000	0.000	
3.528	0.000	0.000	0.000	0.000	0.000	0.000	0.000	0.000	0.000	
3.533	0.000	0.000	0.000	0.000	0.000	0.000	0.000	0.000	0.000	
3.538	0.000	0.000	0.000	0.000	0.000	0.000	0.000	0.000	0.000	
3.543	0.000	0.000	0.000	0.000	0.000	0.000	0.000	0.000	0.000	
3.549	0.000	0.000	0.000	0.000	0.000	0.000	0.000	0.000	0.000	
3.553	0.000	0.000	0.000	0.000	0.000	0.000	0.000	0.000	0.000	
3.559	0.000	0.000	0.000	0.000	0.000	0.000	0.000	0.000	0.000	
3.563	0.000	0.000	0.000	0.000	0.000	0.000	0.000	0.000	0.000	
3.568	0.000	0.000	0.000	0.000	0.000	0.000	0.000	0.000	0.000	
3.574	0.000	0.000	0.000	0.000	0.000	0.000	0.000	0.000	0.000	
3.579	0.000	0.000	0.000	0.000	0.000	0.000	0.000	0.000	0.000	
3.583	0.000	0.000	0.000	0.000	0.000	0.000	0.000	0.000	0.000	
3.588	0.000	0.000	0.000	0.000	0.000	0.000	0.000	0.000	0.000	
3.594	0.000	0.000	0.000	0.000	0.000	0.000	0.000	0.000	0.000	
3.599	0.000	0.000	0.000	0.000	0.000	0.000	0.000	0.000	0.000	
3.603	0.000	0.000	0.000	0.000	0.000	0.000	0.000	0.000	0.000	
3.608	0.000	0.000	0.000	0.000	0.000	0.000	0.000	0.000	0.000	
3.613	0.000	0.000	0.000	0.000	0.000	0.000	0.000	0.000	0.000	
3.619	0.000	0.000	0.000	0.000	0.000	0.000	0.000	0.000	0.000	
3.623	0.000	0.000	0.000	0.000	0.000	0.000	0.000	0.000	0.000	
3.628	0.000	0.000	0.000	0.000	0.000	0.000	0.000	0.000	0.000	
3.633	0.000	0.000	0.000	0.000	0.000	0.000	0.000	0.000	0.000	
3.638	0.000	0.000	0.000	0.000	0.000	0.000	0.000	0.000	0.000	
3.644	0.000	0.000	0.000	0.000	0.000	0.000	0.000	0.000	0.000	
3.648	0.000	0.000	0.000	0.000	0.000	0.000	0.000	0.000	0.000	
3.653	0.000	0.000	0.000	0.000	0.000	0.000	0.000	0.000	0.000	
3.659	0.000	0.000	0.000	0.000	0.000	0.000	0.000	0.000	0.000	
3.663	0.000	0.000	0.000	0.000	0.000	0.000	0.000	0.000	0.000	
3.668	0.000	0.000	0.000	0.000	0.000	0.000	0.000	0.000	0.000	
3.674	0.000	0.000	0.000	0.000	0.000	0.000	0.000	0.000	0.000	
3.679	0.000	0.000	0.000	0.000	0.000	0.000	0.000	0.000	0.000	
3.684	0.000	0.000	0.000	0.000	0.000	0.000	0.000	0.000	0.000	
3.688	0.000	0.000	0.000	0.000	0.000	0.000	0.000	0.000	0.000	
3.693	0.000	0.000	0.000	0.000	0.000	0.000	0.000	0.000	0.000	
3.699	0.000	0.000	0.000	0.000	0.000	0.000	0.000	0.000	0.000	
3.704	0.000	0.000	0.000	0.000	0.000	0.000	0.000	0.000	0.000	
3.708	0.000	0.000	0.000	0.000	0.000	0.000	0.000	0.000	0.000	
3.714	0.000	0.000	0.000	0.000	0.000	0.000	0.000	0.000	0.000	
3.719	0.000	0.000	0.000	0.000	0.000	0.000	0.000	0.000	0.000	
3.723	0.000	0.000	0.000	0.000	0.000	0.000	0.000	0.000	0.000	
3.728	0.000	0.000	0.000	0.000	0.000	0.000	0.000	0.000	0.000	
3.733	0.000	0.000	0.000	0.000	0.000	0.000	0.000	0.000	0.000	
3.738	0.000	0.000	0.000	0.000	0.000	0.000	0.000	0.000	0.000	
3.743	0.000	0.000	0.000	0.000	0.000	0.000	0.000	0.000	0.000	
3.749	0.000	0.000	0.000	0.000	0.000	0.000	0.000	0.000	0.000	
3.753	0.000	0.000	0.000	0.000	0.000	0.000	0.000	0.000	0.000	
3.758	0.000	0.000	0.000	0.000	0.000	0.000	0.000	0.000	0.000	
3.764	0.000	0.000	0.000	0.000	0.000	0.000	0.000	0.000	0.000	
3.768	0.000	0.000	0.000	0.000	0.000	0.000	0.000	0.000	0.000	
3.774	0.000	0.000	0.000	0.000	0.000	0.000	0.000	0.000	0.000	
3.778	0.000	0.000	0.000	0.000	0.000	0.000	0.000	0.000	0.000	
3.784	0.000	0.000	0.000	0.000	0.000	0.000	0.000	0.000	0.000	
3.788	0.000	0.000	0.000	0.000	0.000	0.000	0.000	0.000	0.000	
3.794	0.000	0.000	0.000	0.000	0.000	0.000	0.000	0.000	0.000	
3.798	0.000	0.000	0.000	0.000	0.000	0.000	0.000	0.000	0.000	
3.803	0.000	0.000	0.000	0.000	0.000	0.000	0.000	0.000	0.000	
3.809	0.000	0.000	0.000	0.000	0.000	0.000	0.000	0.000	0.000	
3.813	0.000	0.000	0.000	0.000	0.000	0.000	0.000	0.000	0.000	
3.819	0.000	0.000	0.000	0.000	0.000	0.000	0.000	0.000	0.000	
3.823	0.000	0.000	0.000	0.000	0.000	0.000	0.000	0.000	0.000	
3.829	0.000	0.000	0.000	0.000	0.000	0.000	0.000	0.000	0.000	
3.833	0.000	0.000	0.000	0.000	0.000	0.000	0.000	0.000	0.000	
3.839	0.000	0.000	0.000	0.000	0.000	0.000	0.000	0.000	0.000	
3.843	0.000	0.000	0.000	0.000	0.000	0.000	0.000	0.000	0.000	
3.848	0.000	0.000	0.000	0.000	0.000	0.000	0.000	0.000	0.000	
3.853	0.000	0.000	0.000	0.000	0.000	0.000	0.000	0.000	0.000	
3.859	0.000	0.000	0.000	0.000	0.000	0.000	0.000	0.000	0.000	
3.863	0.000	0.000	0.000	0.000	0.000	0.000	0.000	0.000	0.000	
3.869	0.000	0.000	0.000	0.000	0.000	0.000	0.000	0.000	0.000	
3.873	0.000	0.000	0.000	0.000	0.000	0.000	0.000	0.000	0.000	
3.879	0.000	0.000	0.000	0.000	0.000	0.000	0.000	0.000	0.000	
3.883	0.000	0.000	0.000	0.000	0.000	0.000	0.000	0.000	0.000	
3.888	0.000	0.000	0.000	0.000	0.000	0.000	0.000	0.000	0.000	
3.893	0.000	0.000	0.000	0.000	0.000	0.000	0.000	0.000	0.000	
3.899	0.000	0.000	0.000	0.000	0.000	0.000	0.000	0.000	0.000	
3.903	0.000	0.000	0.000	0.000	0.000	0.000	0.000	0.000	0.000	
3.909	0.000	0.000	0.000	0.000	0.000	0.000	0.000	0.000	0.000	
3.913	0.000	0.000	0.000	0.000	0.000	0.000	0.000	0.000	0.000	
3.919	0.000	0.000	0.000	0.000	0.000	0.000	0.000	0.000	0.000	
3.923	0.000	0.000	0.000	0.000	0.000	0.000	0.000	0.000	0.000	
3.929	0.000	0.000	0.000	0.000	0.000	0.000	0.000	0.000	0.000	
3.934	0.000	0.000	0.000	0.000	0.000	0.000	0.000	0.000	0.000	
3.938	0.000	0.000	0.000	0.000	0.000	0.000	0.000	0.000	0.000	
3.944	0.000	0.000	0.000	0.000	0.000	0.000	0.000	0.000	0.000	
3.949	0.000	0.000	0.000	0.000	0.000	0.000	0.000	0.000	0.000	
3.954	0.000	0.000	0.000	0.000	0.000	0.000	0.000	0.000	0.000	
3.959	0.000	0.000	0.000	0.000	0.000	0.000	0.000	0.000	0.000	
3.964	0.000	0.000	0.000	0.000	0.000	0.000	0.000	0.000	0.000	
3.969	0.000	0.000	0.000	0.000	0.000	0.000	0.000	0.000	0.000	
3.973	0.000	0.000	0.000	0.000	0.000	0.000	0.000	0.000	0.000	
3.979	0.000	0.000	0.000	0.000	0.000	0.000	0.000	0.000	0.000	
3.984	0.000	0.000	0.000	0.000	0.000	0.000	0.000	0.000	0.000	
3.989	0.000	0.000	0.000	0.000	0.000	0.000	0.000	0.000	0.000	
3.993	0.000	0.000	0.000	0.000	0.000	0.000	0.000	0.000	0.000	
3.998	0.000	0.000	0.000	0.000	0.000	0.000	0.000	0.000	0.000	
4.003	0.000	0.000	0.000	0.000	0.000	0.000	0.000	0.000	0.000	
4.009	0.000	0.000	0.000	0.000	0.000	0.000	0.000	0.000	0.000	
4.013	0.000	0.000	0.000	0.000	0.000	0.000	0.000	0.000	0.000	
4.018	0.000	0.000	0.000	0.000	0.000	0.000	0.000	0.000	0.000	
4.024	0.000	0.000	0.000	0.000	0.000	0.000	0.000	0.000	0.000	
4.028	0.000	0.000	0.000	0.000	0.000	0.000	0.000	0.000	0.000	
4.034	0.000	0.000	0.000	0.000	0.000	0.000	0.000	0.000	0.000	
4.038	0.000	0.000	0.000	0.000	0.000	0.000	0.000	0.000	0.000	
4.043	0.000	0.000	0.000	0.000	0.000	0.000	0.000	0.000	0.000	
4.049	0.000	0.000	0.000	0.000	0.000	0.000	0.000	0.000	0.000	
4.053	0.000	0.000	0.000	0.000	0.000	0.000	0.000	0.000	0.000	
4.059	0.000	0.000	0.000	0.000	0.000	0.000	0.000	0.000	0.000	
4.064	0.000	0.000	0.000	0.000	0.000	0.000	0.000	0.000	0.000	
4.068	0.000	0.000	0.000	0.000	0.000	0.000	0.000	0.000	0.000	
4.074	0.000	0.000	0.000	0.000	0.000	0.000	0.000	0.000	0.000	
4.078	0.000	0.000	0.000	0.000	0.000	0.000	0.000	0.000	0.000	
4.084	0.000	0.000	0.000	0.000	0.000	0.000	0.000	0.000	0.000	
4.100	0.000	0.000	0.000	0.000	0.000	0.000	0.000	0.000	0.000	
4.116	0.000	0.000	0.000	0.000	0.000	0.000	0.000	0.000	0.000	
4.118	0.000	0.000	0.000	0.000	0.000	0.000	0.000	0.000	0.000	
4.123	0.000	0.000	0.000	0.000	0.000	0.000	0.000	0.000	0.000	
4.129	0.000	0.000	0.000	0.000	0.000	0.000	0.000	0.000	0.000	
4.133	0.000	0.000	0.000	0.000	0.000	0.000	0.000	0.000	0.000	
4.138	0.000	0.000	0.000	0.000	0.000	0.000	0.000	0.000	0.000	
4.144	0.000	0.000	0.000	0.000	0.000	0.000	0.000	0.000	0.000	
4.149	0.000	0.000	0.000	0.000	0.000	0.000	0.000	0.000	0.000	
4.153	0.000	0.000	0.000	0.000	0.000	0.000	0.000	0.000	0.000	
4.158	0.000	0.000	0.000	0.000	0.000	0.000	0.000	0.000	0.000	
4.163	0.000	0.000	0.000	0.000	0.000	0.000	0.000	0.000	0.000	
4.169	0.000	0.000	0.000	0.000	0.000	0.000	0.000	0.000	0.000	
4.173	0.000	0.000	0.000	0.000	0.000	0.000	0.000	0.000	0.000	
4.179	0.000	0.000	0.000	0.000	0.000	0.000	0.000	0.000	0.000	
4.183	0.000	0.000	0.000	0.000	0.000	0.000	0.000	0.000	0.000	
4.189	0.000	0.000	0.000	0.000	0.000	0.000	0.000	0.000	0.000	
4.193	0.000	0.000	0.000	0.000	0.000	0.000	0.000	0.000	0.000	
4.198	0.000	0.000	0.000	0.000	0.000	0.000	0.000	0.000	0.000	
4.204	0.000	0.000	0.000	0.000	0.000	0.000	0.000	0.000	0.000	
4.208	0.000	0.000	0.000	0.000	0.000	0.000	0.000	0.000	0.000	
4.213	0.000	0.000	0.000	0.000	0.000	0.000	0.000	0.000	0.000	
4.219	0.000	0.000	0.000	0.000	0.000	0.000	0.000	0.000	0.000	
4.223	0.000	0.000	0.000	0.000	0.000	0.000	0.000	0.000	0.000	
4.228	0.000	0.000	0.000	0.000	0.000	0.000	0.000	0.000	0.000	
4.234	0.000	0.000	0.000	0.000	0.000	0.000	0.000	0.000	0.000	
4.238	0.000	0.000	0.000	0.000	0.000	0.000	0.000	0.000	0.000	
4.243	0.000	0.000	0.000	0.000	0.000	0.000	0.000	0.000	0.000	
4.248	0.000	0.000	0.000	0.000	0.000	0.000	0.000	0.000	0.000	
4.253	0.000	0.000	0.000	0.000	0.000	0.000	0.000	0.000	0.000	
4.259	0.000	0.000	0.000	0.000	0.000	0.000	0.000	0.000	0.000	
4.263	0.000	0.000	0.000	0.000	0.000	0.000	0.000	0.000	0.000	
4.269	0.000	0.000	0.000	0.000	0.000	0.000	0.000	0.000	0.000	
4.273	0.000	0.000	0.000	0.000	0.000	0.000	0.000	0.000	0.000	
4.278	0.000	0.000	0.000	0.000	0.000	0.000	0.000	0.000	0.000	
4.283	0.000	0.000	0.000	0.000	0.000	0.000	0.000	0.000	0.000	
4.289	0.000	0.000	0.000	0.000	0.000	0.000	0.000	0.000	0.000	
4.293	0.000	0.000	0.000	0.000	0.000	0.000	0.000	0.000	0.000	
4.298	0.000	0.000	0.000	0.000	0.000	0.000	0.000	0.000	0.000	
4.303	0.000	0.000	0.000	0.000	0.000	0.000	0.000	0.000	0.000	
4.308	0.000	0.000	0.000	0.000	0.000	0.000	0.000	0.000	0.000	
4.314	0.000	0.000	0.000	0.000	0.000	0.000	0.000	0.000	0.000	
4.318	0.000	0.000	0.000	0.000	0.000	0.000	0.000	0.000	0.000	
4.324	0.000	0.000	0.000	0.000	0.000	0.000	0.000	0.000	0.000	
4.329	0.000	0.000	0.000	0.000	0.000	0.000	0.000	0.000	0.000	
4.334	0.000	0.000	0.000	0.000	0.000	0.000	0.000	0.000	0.000	
4.338	0.000	0.000	0.000	0.000	0.000	0.000	0.000	0.000	0.000	
4.344	0.000	0.000	0.000	0.000	0.000	0.000	0.000	0.000	0.000	
4.348	0.000	0.000	0.000	0.000	0.000	0.000	0.000	0.000	0.000	
4.353	0.000	0.000	0.000	0.000	0.000	0.000	0.000	0.000	0.000	
4.359	0.000	0.000	0.000	0.000	0.000	0.000	0.000	0.000	0.000	
4.363	0.000	0.000	0.000	0.000	0.000	0.000	0.000	0.000	0.000	
4.368	0.000	0.000	0.000	0.000	0.000	0.000	0.000	0.000	0.000	
4.374	0.000	0.000	0.000	0.000	0.000	0.000	0.000	0.000	0.000	
4.378	0.000	0.000	0.000	0.000	0.000	0.000	0.000	0.000	0.000	
4.384	0.000	0.000	0.000	0.000	0.000	0.000	0.000	0.000	0.000	
4.388	0.000	0.000	0.000	0.000	0.000	0.000	0.000	0.000	0.000	
4.394	0.000	0.000	0.000	0.000	0.000	0.000	0.000	0.000	0.000	
4.399	0.000	0.000	0.000	0.000	0.000	0.000	0.000	0.000	0.000	
4.403	0.000	0.000	0.000	0.000	0.000	0.000	0.000	0.000	0.000	
4.409	0.000	0.000	0.000	0.000	0.000	0.000	0.000	0.000	0.000	
4.413	0.000	0.000	0.000	0.000	0.000	0.000	0.000	0.000	0.000	
4.419	0.000	0.000	0.000	0.000	0.000	0.000	0.000	0.000	0.000	
4.423	0.000	0.000	0.000	0.000	0.000	0.000	0.000	0.000	0.000	
4.429	0.000	0.000	0.000	0.000	0.000	0.000	0.000	0.000	0.000	
4.433	0.000	0.000	0.000	0.000	0.000	0.000	0.000	0.000	0.000	
4.439	0.000	0.000	0.000	0.000	0.000	0.000	0.000	0.000	0.000	
4.444	0.000	0.000	0.000	0.000	0.000	0.000	0.000	0.000	0.000	
4.449	0.000	0.000	0.000	0.000	0.000	0.000	0.000	0.000	0.000	
4.453	0.000	0.000	0.000	0.000	0.000	0.000	0.000	0.000	0.000	
4.458	0.000	0.000	0.000	0.000	0.000	0.000	0.000	0.000	0.000	
4.464	0.000	0.000	0.000	0.000	0.000	0.000	0.000	0.000	0.000	
4.468	0.000	0.000	0.000	0.000	0.000	0.000	0.000	0.000	0.000	
4.473	0.000	0.000	0.000	0.000	0.000	0.000	0.000	0.000	0.000	
4.478	0.000	0.000	0.000	0.000	0.000	0.000	0.000	0.000	0.000	
4.484	0.000	0.000	0.000	0.000	0.000	0.000	0.000	0.000	0.000	
4.488	0.000	0.000	0.000	0.000	0.000	0.000	0.000	0.000	0.000	
4.493	0.000	0.000	0.000	0.000	0.000	0.000	0.000	0.000	0.000	
4.498	0.000	0.000	0.000	0.000	0.000	0.000	0.000	0.000	0.000	
4.503	0.000	0.000	0.000	0.000	0.000	0.000	0.000	0.000	0.000	
4.509	0.000	0.000	0.000	0.000	0.000	0.000	0.000	0.000	0.000	
4.513	0.000	0.000	0.000	0.000	0.000	0.000	0.000	0.000	0.000	
4.519	0.000	0.000	0.000	0.000	0.000	0.000	0.000	0.000	0.000	
4.524	0.000	0.000	0.000	0.000	0.000	0.000	0.000	0.000	0.000	
4.528	0.000	0.000	0.000	0.000	0.000	0.000	0.000	0.000	0.000	
4.533	0.000	0.000	0.000	0.000	0.000	0.000	0.000	0.000	0.000	
4.539	0.000	0.000	0.000	0.000	0.000	0.000	0.000	0.000	0.000	
4.544	0.000	0.000	0.000	0.000	0.000	0.000	0.000	0.000	0.000	
4.548	0.000	0.000	0.000	0.000	0.000	0.000	0.000	0.000	0.000	
4.553	0.000	0.000	0.000	0.000	0.000	0.000	0.000	0.000	0.000	
